0 0.219459 0.624184 0.219364 0.625215 0.219081 0.626206 0.218621 0.627120 0.218002 0.627921 0.217249 0.628578 0.216389 0.629066 0.215456 0.629367 0.214486 0.629468 0.213515 0.629367 0.212582 0.629066 0.211722 0.628578 0.210969 0.627921 0.210350 0.627120 0.209891 0.626206 0.209608 0.625215 0.209512 0.624184 0.209608 0.623153 0.209891 0.622162 0.210350 0.621248 0.210969 0.620447 0.211722 0.619790 0.212582 0.619302 0.213515 0.619001 0.214486 0.618900 0.215456 0.619001 0.216389 0.619302 0.217249 0.619790 0.218002 0.620447 0.218621 0.621248 0.219081 0.622162 0.219364 0.623153
0 0.320796 0.596829 0.320640 0.597982 0.320181 0.599090 0.319434 0.600111 0.318429 0.601006 0.317204 0.601740 0.315807 0.602286 0.314290 0.602622 0.312714 0.602735 0.311137 0.602622 0.309621 0.602286 0.308224 0.601740 0.306999 0.601006 0.305994 0.600111 0.305247 0.599090 0.304787 0.597982 0.304632 0.596829 0.304787 0.595677 0.305247 0.594569 0.305994 0.593548 0.306999 0.592653 0.308224 0.591919 0.309621 0.591373 0.311137 0.591037 0.312714 0.590923 0.314290 0.591037 0.315807 0.591373 0.317204 0.591919 0.318429 0.592653 0.319434 0.593548 0.320181 0.594569 0.320640 0.595677
0 0.420578 0.652782 0.420489 0.653631 0.420223 0.654447 0.419792 0.655200 0.419212 0.655859 0.418506 0.656401 0.417700 0.656803 0.416825 0.657050 0.415915 0.657134 0.415006 0.657050 0.414131 0.656803 0.413325 0.656401 0.412618 0.655859 0.412039 0.655200 0.411608 0.654447 0.411342 0.653631 0.411253 0.652782 0.411342 0.651933 0.411608 0.651117 0.412039 0.650364 0.412618 0.649705 0.413325 0.649164 0.414131 0.648761 0.415006 0.648514 0.415915 0.648430 0.416825 0.648514 0.417700 0.648761 0.418506 0.649164 0.419212 0.649705 0.419792 0.650364 0.420223 0.651117 0.420489 0.651933
0 0.172832 0.508859 0.172706 0.509769 0.172335 0.510644 0.171732 0.511450 0.170920 0.512156 0.169931 0.512736 0.168802 0.513167 0.167578 0.513432 0.166304 0.513522 0.165030 0.513432 0.163806 0.513167 0.162677 0.512736 0.161688 0.512156 0.160876 0.511450 0.160273 0.510644 0.159902 0.509769 0.159776 0.508859 0.159902 0.507950 0.160273 0.507075 0.160876 0.506269 0.161688 0.505562 0.162677 0.504982 0.163806 0.504551 0.165030 0.504286 0.166304 0.504196 0.167578 0.504286 0.168802 0.504551 0.169931 0.504982 0.170920 0.505562 0.171732 0.506269 0.172335 0.507075 0.172706 0.507950
0 0.293845 0.477874 0.294331 0.478846 0.294507 0.479992 0.294368 0.481268 0.293919 0.482625 0.293176 0.484010 0.292169 0.485371 0.290936 0.486655 0.289524 0.487813 0.287988 0.488799 0.286387 0.489578 0.284783 0.490117 0.283236 0.490398 0.281807 0.490408 0.280550 0.490148 0.279514 0.489627 0.278738 0.488866 0.278252 0.487893 0.278076 0.486747 0.278215 0.485471 0.278664 0.484114 0.279407 0.482729 0.280414 0.481368 0.281647 0.480084 0.283059 0.478927 0.284595 0.477940 0.286196 0.477162 0.287800 0.476622 0.289347 0.476342 0.290776 0.476331 0.292033 0.476592 0.293070 0.477112
0 0.416467 0.520108 0.416585 0.519074 0.417024 0.518065 0.417766 0.517120 0.418784 0.516277 0.420038 0.515566 0.421479 0.515016 0.423054 0.514647 0.424700 0.514473 0.426356 0.514503 0.427956 0.514733 0.429441 0.515156 0.430752 0.515755 0.431839 0.516507 0.432661 0.517383 0.433185 0.518350 0.433393 0.519370 0.433275 0.520404 0.432836 0.521413 0.432094 0.522357 0.431076 0.523201 0.429823 0.523912 0.428381 0.524462 0.426806 0.524831 0.425160 0.525004 0.423504 0.524975 0.421904 0.524745 0.420419 0.524322 0.419109 0.523723 0.418021 0.522971 0.417200 0.522095 0.416675 0.521128
0 0.230028 0.741374 0.229944 0.742162 0.229697 0.742920 0.229295 0.743619 0.228753 0.744231 0.228094 0.744734 0.227341 0.745107 0.226525 0.745337 0.225676 0.745415 0.224827 0.745337 0.224011 0.745107 0.223258 0.744734 0.222599 0.744231 0.222058 0.743619 0.221655 0.742920 0.221408 0.742162 0.221324 0.741374 0.221408 0.740586 0.221655 0.739828 0.222058 0.739129 0.222599 0.738517 0.223258 0.738014 0.224011 0.737641 0.224827 0.737411 0.225676 0.737333 0.226525 0.737411 0.227341 0.737641 0.228094 0.738014 0.228753 0.738517 0.229295 0.739129 0.229697 0.739828 0.229944 0.740586
0 0.309916 0.756916 0.309826 0.757583 0.309561 0.758225 0.309130 0.758816 0.308550 0.759334 0.307844 0.759759 0.307038 0.760075 0.306163 0.760270 0.305253 0.760336 0.304344 0.760270 0.303469 0.760075 0.302663 0.759759 0.301956 0.759334 0.301376 0.758816 0.300946 0.758225 0.300680 0.757583 0.300591 0.756916 0.300680 0.756249 0.300946 0.755608 0.301376 0.755017 0.301956 0.754499 0.302663 0.754073 0.303469 0.753757 0.304344 0.753563 0.305253 0.753497 0.306163 0.753563 0.307038 0.753757 0.307844 0.754073 0.308550 0.754499 0.309130 0.755017 0.309561 0.755608 0.309826 0.756249
0 0.222568 0.673609 0.222460 0.674882 0.222142 0.676107 0.221625 0.677236 0.220929 0.678225 0.220081 0.679037 0.219114 0.679640 0.218064 0.680011 0.216972 0.680137 0.215881 0.680011 0.214831 0.679640 0.213864 0.679037 0.213016 0.678225 0.212320 0.677236 0.211803 0.676107 0.211485 0.674882 0.211377 0.673609 0.211485 0.672335 0.211803 0.671111 0.212320 0.669982 0.213016 0.668993 0.213864 0.668181 0.214831 0.667578 0.215881 0.667207 0.216972 0.667081 0.218064 0.667207 0.219114 0.667578 0.220081 0.668181 0.220929 0.668993 0.221625 0.669982 0.222142 0.671111 0.222460 0.672335
0 0.400373 0.771837 0.400319 0.772444 0.400160 0.773027 0.399902 0.773564 0.399554 0.774035 0.399130 0.774422 0.398646 0.774709 0.398121 0.774886 0.397575 0.774946 0.397030 0.774886 0.396505 0.774709 0.396021 0.774422 0.395597 0.774035 0.395249 0.773564 0.394991 0.773027 0.394831 0.772444 0.394778 0.771837 0.394831 0.771231 0.394991 0.770648 0.395249 0.770110 0.395597 0.769639 0.396021 0.769253 0.396505 0.768965 0.397030 0.768788 0.397575 0.768729 0.398121 0.768788 0.398646 0.768965 0.399130 0.769253 0.399554 0.769639 0.399902 0.770110 0.400160 0.770648 0.400319 0.771231
0 0.402549 0.764998 0.402495 0.765605 0.402336 0.766188 0.402077 0.766725 0.401730 0.767196 0.401306 0.767583 0.400822 0.767870 0.400297 0.768047 0.399751 0.768107 0.399206 0.768047 0.398681 0.767870 0.398197 0.767583 0.397773 0.767196 0.397425 0.766725 0.397167 0.766188 0.397007 0.765605 0.396954 0.764998 0.397007 0.764392 0.397167 0.763809 0.397425 0.763271 0.397773 0.762800 0.398197 0.762414 0.398681 0.762127 0.399206 0.761950 0.399751 0.761890 0.400297 0.761950 0.400822 0.762127 0.401306 0.762414 0.401730 0.762800 0.402077 0.763271 0.402336 0.763809 0.402495 0.764392
0 0.409388 0.762201 0.409340 0.762747 0.409198 0.763271 0.408969 0.763755 0.408659 0.764179 0.408282 0.764527 0.407852 0.764785 0.407386 0.764945 0.406901 0.764998 0.406416 0.764945 0.405949 0.764785 0.405519 0.764527 0.405142 0.764179 0.404833 0.763755 0.404603 0.763271 0.404462 0.762747 0.404414 0.762201 0.404462 0.761655 0.404603 0.761130 0.404833 0.760647 0.405142 0.760223 0.405519 0.759875 0.405949 0.759616 0.406416 0.759457 0.406901 0.759403 0.407386 0.759457 0.407852 0.759616 0.408282 0.759875 0.408659 0.760223 0.408969 0.760647 0.409198 0.761130 0.409340 0.761655
0 0.399425 0.754007 0.400457 0.752601 0.401580 0.751337 0.402754 0.750264 0.403931 0.749422 0.405067 0.748845 0.406118 0.748554 0.407044 0.748560 0.407809 0.748864 0.408384 0.749453 0.408747 0.750305 0.408884 0.751387 0.408789 0.752658 0.408466 0.754069 0.407927 0.755565 0.407194 0.757089 0.406295 0.758583 0.405263 0.759988 0.404139 0.761252 0.402966 0.762325 0.401789 0.763167 0.400653 0.763744 0.399601 0.764036 0.398675 0.764029 0.397910 0.763726 0.397335 0.763137 0.396972 0.762284 0.396836 0.761202 0.396931 0.759931 0.397254 0.758521 0.397792 0.757025 0.398525 0.755500
0 0.479018 0.762823 0.478940 0.763914 0.478710 0.764964 0.478337 0.765931 0.477834 0.766779 0.477222 0.767475 0.476523 0.767992 0.475765 0.768310 0.474977 0.768418 0.474188 0.768310 0.473430 0.767992 0.472732 0.767475 0.472119 0.766779 0.471617 0.765931 0.471243 0.764964 0.471013 0.763914 0.470936 0.762823 0.471013 0.761731 0.471243 0.760681 0.471617 0.759714 0.472119 0.758866 0.472732 0.758170 0.473430 0.757653 0.474188 0.757335 0.474977 0.757227 0.475765 0.757335 0.476523 0.757653 0.477222 0.758170 0.477834 0.758866 0.478337 0.759714 0.478710 0.760681 0.478940 0.761731
0 0.528301 0.429721 0.527315 0.431323 0.526180 0.432763 0.524941 0.433985 0.523646 0.434943 0.522344 0.435600 0.521085 0.435931 0.519917 0.435922 0.518886 0.435575 0.518032 0.434902 0.517386 0.433929 0.516974 0.432695 0.516812 0.431245 0.516905 0.429637 0.517251 0.427931 0.517835 0.426193 0.518637 0.424491 0.519624 0.422889 0.520758 0.421449 0.521997 0.420227 0.523292 0.419269 0.524595 0.418612 0.525854 0.418281 0.527021 0.418290 0.528052 0.418637 0.528906 0.419310 0.529552 0.420283 0.529964 0.421517 0.530127 0.422967 0.530033 0.424575 0.529687 0.426281 0.529103 0.428019
0 0.458502 0.446068 0.458328 0.447341 0.457816 0.448566 0.456982 0.449694 0.455861 0.450684 0.454495 0.451495 0.452937 0.452099 0.451246 0.452470 0.449487 0.452596 0.447728 0.452470 0.446037 0.452099 0.444479 0.451495 0.443113 0.450684 0.441992 0.449694 0.441159 0.448566 0.440646 0.447341 0.440472 0.446068 0.440646 0.444794 0.441159 0.443570 0.441992 0.442441 0.443113 0.441452 0.444479 0.440640 0.446037 0.440037 0.447728 0.439665 0.449487 0.439540 0.451246 0.439665 0.452937 0.440037 0.454495 0.440640 0.455861 0.441452 0.456982 0.442441 0.457816 0.443570 0.458328 0.444794
0 0.609618 0.736512 0.610407 0.737463 0.611043 0.738492 0.611504 0.739561 0.611772 0.740627 0.611835 0.741650 0.611692 0.742591 0.611348 0.743414 0.610817 0.744087 0.610118 0.744583 0.609279 0.744885 0.608332 0.744980 0.607313 0.744865 0.606261 0.744544 0.605218 0.744029 0.604222 0.743341 0.603313 0.742505 0.602525 0.741555 0.601888 0.740526 0.601427 0.739457 0.601160 0.738391 0.601096 0.737367 0.601239 0.736426 0.601583 0.735604 0.602115 0.734931 0.602813 0.734434 0.603652 0.734133 0.604600 0.734038 0.605618 0.734153 0.606670 0.734474 0.607713 0.734989 0.608709 0.735677
0 0.659621 0.840224 0.659561 0.840709 0.659384 0.841175 0.659097 0.841605 0.658710 0.841982 0.658239 0.842292 0.657702 0.842521 0.657119 0.842663 0.656512 0.842711 0.655906 0.842663 0.655323 0.842521 0.654785 0.842292 0.654314 0.841982 0.653928 0.841605 0.653640 0.841175 0.653464 0.840709 0.653404 0.840224 0.653464 0.839739 0.653640 0.839272 0.653928 0.838842 0.654314 0.838465 0.654785 0.838156 0.655323 0.837926 0.655906 0.837785 0.656512 0.837737 0.657119 0.837785 0.657702 0.837926 0.658239 0.838156 0.658710 0.838465 0.659097 0.838842 0.659384 0.839272 0.659561 0.839739
0 0.641592 0.817843 0.641538 0.818510 0.641379 0.819151 0.641120 0.819742 0.640772 0.820261 0.640348 0.820686 0.639865 0.821002 0.639340 0.821196 0.638794 0.821262 0.638248 0.821196 0.637723 0.821002 0.637240 0.820686 0.636816 0.820261 0.636468 0.819742 0.636209 0.819151 0.636050 0.818510 0.635996 0.817843 0.636050 0.817176 0.636209 0.816534 0.636468 0.815943 0.636816 0.815425 0.637240 0.815000 0.637723 0.814684 0.638248 0.814489 0.638794 0.814423 0.639340 0.814489 0.639865 0.814684 0.640348 0.815000 0.640772 0.815425 0.641120 0.815943 0.641379 0.816534 0.641538 0.817176
0 0.780541 0.698166 0.780481 0.698772 0.780304 0.699356 0.780017 0.699893 0.779630 0.700364 0.779159 0.700751 0.778622 0.701038 0.778039 0.701215 0.777432 0.701274 0.776826 0.701215 0.776243 0.701038 0.775705 0.700751 0.775234 0.700364 0.774848 0.699893 0.774561 0.699356 0.774384 0.698772 0.774324 0.698166 0.774384 0.697560 0.774561 0.696976 0.774848 0.696439 0.775234 0.695968 0.775705 0.695581 0.776243 0.695294 0.776826 0.695117 0.777432 0.695058 0.778039 0.695117 0.778622 0.695294 0.779159 0.695581 0.779630 0.695968 0.780017 0.696439 0.780304 0.696976 0.780481 0.697560
0 0.709833 0.655124 0.709993 0.654421 0.710332 0.653763 0.710836 0.653174 0.711486 0.652679 0.712258 0.652294 0.713121 0.652036 0.714042 0.651914 0.714987 0.651933 0.715918 0.652092 0.716800 0.652385 0.717600 0.652801 0.718285 0.653324 0.718831 0.653933 0.719215 0.654606 0.719424 0.655316 0.719449 0.656036 0.719289 0.656739 0.718950 0.657397 0.718446 0.657985 0.717796 0.658481 0.717024 0.658865 0.716161 0.659123 0.715240 0.659245 0.714295 0.659226 0.713364 0.659067 0.712481 0.658774 0.711682 0.658358 0.710997 0.657836 0.710451 0.657226 0.710067 0.656554 0.709858 0.655844
0 0.923531 0.602735 0.923454 0.603342 0.923224 0.603925 0.922850 0.604462 0.922348 0.604933 0.921735 0.605320 0.921037 0.605607 0.920279 0.605784 0.919490 0.605844 0.918702 0.605784 0.917944 0.605607 0.917245 0.605320 0.916633 0.604933 0.916130 0.604462 0.915757 0.603925 0.915527 0.603342 0.915449 0.602735 0.915527 0.602129 0.915757 0.601546 0.916130 0.601008 0.916633 0.600537 0.917245 0.600151 0.917944 0.599864 0.918702 0.599687 0.919490 0.599627 0.920279 0.599687 0.921037 0.599864 0.921735 0.600151 0.922348 0.600537 0.922850 0.601008 0.923224 0.601546 0.923454 0.602129
0 0.748260 0.392949 0.748355 0.393667 0.748218 0.394428 0.747854 0.395203 0.747277 0.395961 0.746508 0.396673 0.745578 0.397313 0.744523 0.397855 0.743382 0.398279 0.742200 0.398569 0.741022 0.398713 0.739893 0.398705 0.738857 0.398547 0.737954 0.398244 0.737218 0.397807 0.736677 0.397254 0.736353 0.396606 0.736258 0.395888 0.736395 0.395127 0.736759 0.394353 0.737336 0.393595 0.738105 0.392882 0.739035 0.392242 0.740090 0.391700 0.741231 0.391276 0.742413 0.390987 0.743591 0.390843 0.744720 0.390850 0.745756 0.391009 0.746659 0.391312 0.747395 0.391748 0.747936 0.392301
0 0.821573 0.340690 0.821453 0.341964 0.821100 0.343188 0.820525 0.344317 0.819752 0.345306 0.818810 0.346118 0.817735 0.346721 0.816569 0.347092 0.815356 0.347218 0.814143 0.347092 0.812977 0.346721 0.811902 0.346118 0.810960 0.345306 0.810187 0.344317 0.809612 0.343188 0.809258 0.341964 0.809139 0.340690 0.809258 0.339417 0.809612 0.338192 0.810187 0.337063 0.810960 0.336074 0.811902 0.335262 0.812977 0.334659 0.814143 0.334288 0.815356 0.334162 0.816569 0.334288 0.817735 0.334659 0.818810 0.335262 0.819752 0.336074 0.820525 0.337063 0.821100 0.338192 0.821453 0.339417
0 0.820136 0.325558 0.820408 0.324745 0.820916 0.324006 0.821641 0.323372 0.822554 0.322865 0.823620 0.322506 0.824799 0.322308 0.826045 0.322279 0.827311 0.322420 0.828547 0.322725 0.829706 0.323184 0.830743 0.323777 0.831620 0.324483 0.832301 0.325274 0.832761 0.326120 0.832983 0.326988 0.832957 0.327846 0.832685 0.328659 0.832176 0.329397 0.831452 0.330032 0.830539 0.330539 0.829473 0.330898 0.828294 0.331096 0.827048 0.331125 0.825782 0.330984 0.824546 0.330679 0.823387 0.330220 0.822350 0.329627 0.821473 0.328921 0.820792 0.328130 0.820332 0.327284 0.820110 0.326415
0 0.817221 0.326080 0.817161 0.326687 0.816984 0.327270 0.816697 0.327807 0.816311 0.328278 0.815840 0.328665 0.815302 0.328952 0.814719 0.329129 0.814113 0.329189 0.813506 0.329129 0.812923 0.328952 0.812386 0.328665 0.811914 0.328278 0.811528 0.327807 0.811241 0.327270 0.811064 0.326687 0.811004 0.326080 0.811064 0.325474 0.811241 0.324891 0.811528 0.324353 0.811914 0.323882 0.812386 0.323496 0.812923 0.323208 0.813506 0.323031 0.814113 0.322972 0.814719 0.323031 0.815302 0.323208 0.815840 0.323496 0.816311 0.323882 0.816697 0.324353 0.816984 0.324891 0.817161 0.325474
0 0.754119 0.279142 0.754071 0.279567 0.753929 0.279975 0.753700 0.280351 0.753390 0.280681 0.753014 0.280951 0.752584 0.281152 0.752117 0.281276 0.751632 0.281318 0.751147 0.281276 0.750680 0.281152 0.750250 0.280951 0.749874 0.280681 0.749564 0.280351 0.749334 0.279975 0.749193 0.279567 0.749145 0.279142 0.749193 0.278718 0.749334 0.278309 0.749564 0.277933 0.749874 0.277603 0.750250 0.277333 0.750680 0.277132 0.751147 0.277008 0.751632 0.276966 0.752117 0.277008 0.752584 0.277132 0.753014 0.277333 0.753390 0.277603 0.753700 0.277933 0.753929 0.278309 0.754071 0.278718
0 0.687370 0.252556 0.687378 0.251747 0.687562 0.250952 0.687914 0.250201 0.688422 0.249522 0.689065 0.248943 0.689818 0.248485 0.690654 0.248166 0.691539 0.247998 0.692440 0.247987 0.693323 0.248135 0.694152 0.248435 0.694897 0.248875 0.695528 0.249440 0.696022 0.250106 0.696360 0.250850 0.696528 0.251641 0.696520 0.252449 0.696336 0.253245 0.695984 0.253996 0.695476 0.254674 0.694833 0.255253 0.694080 0.255712 0.693244 0.256031 0.692359 0.256199 0.691458 0.256209 0.690575 0.256062 0.689746 0.255762 0.689001 0.255321 0.688370 0.254757 0.687876 0.254090 0.687538 0.253347
0 0.661567 0.281731 0.661988 0.282212 0.662235 0.282885 0.662297 0.283725 0.662173 0.284700 0.661867 0.285772 0.661391 0.286899 0.660763 0.288039 0.660008 0.289148 0.659155 0.290183 0.658236 0.291104 0.657286 0.291876 0.656342 0.292469 0.655441 0.292861 0.654617 0.293036 0.653902 0.292987 0.653322 0.292717 0.652901 0.292237 0.652655 0.291563 0.652593 0.290723 0.652717 0.289748 0.653023 0.288676 0.653499 0.287549 0.654126 0.286409 0.654881 0.285300 0.655735 0.284266 0.656654 0.283345 0.657604 0.282573 0.658547 0.281979 0.659448 0.281588 0.660273 0.281413 0.660988 0.281461
0 0.563258 0.263289 0.563174 0.264198 0.562926 0.265073 0.562524 0.265879 0.561983 0.266586 0.561324 0.267166 0.560571 0.267597 0.559755 0.267862 0.558906 0.267952 0.558057 0.267862 0.557240 0.267597 0.556488 0.267166 0.555829 0.266586 0.555287 0.265879 0.554885 0.265073 0.554638 0.264198 0.554554 0.263289 0.554638 0.262379 0.554885 0.261504 0.555287 0.260698 0.555829 0.259992 0.556488 0.259412 0.557240 0.258981 0.558057 0.258716 0.558906 0.258626 0.559755 0.258716 0.560571 0.258981 0.561324 0.259412 0.561983 0.259992 0.562524 0.260698 0.562926 0.261504 0.563174 0.262379
0 0.634913 0.362960 0.635383 0.363844 0.635613 0.364853 0.635595 0.365950 0.635330 0.367091 0.634828 0.368233 0.634108 0.369332 0.633198 0.370345 0.632132 0.371235 0.630952 0.371965 0.629703 0.372510 0.628433 0.372847 0.627191 0.372963 0.626025 0.372855 0.624978 0.372526 0.624093 0.371989 0.623402 0.371265 0.622933 0.370381 0.622702 0.369371 0.622720 0.368275 0.622985 0.367133 0.623487 0.365992 0.624207 0.364893 0.625118 0.363879 0.626183 0.362990 0.627363 0.362259 0.628612 0.361715 0.629882 0.361378 0.631124 0.361261 0.632291 0.361369 0.633337 0.361698 0.634222 0.362235
0 0.184022 0.304321 0.184644 0.300280 0.185887 0.296550 0.188374 0.292509 0.189929 0.290643 0.191483 0.287224 0.194280 0.285670 0.198943 0.284116 0.202052 0.284426 0.202362 0.288157 0.201430 0.291265 0.199254 0.293441 0.198321 0.295306 0.198943 0.297482 0.199254 0.300280 0.197078 0.303388 0.194902 0.306186 0.191483 0.308051 0.188685 0.309605 0.185887 0.308984 0.184022 0.306497 0.184333 0.303699
0 0.298415 0.267330 0.298415 0.272614 0.297482 0.277588 0.297793 0.282872 0.297793 0.285670 0.298415 0.290333 0.299347 0.294995 0.302456 0.299036 0.306186 0.301523 0.317687 0.308673 0.320796 0.314579 0.322661 0.317687 0.330432 0.318620 0.341933 0.320485 0.351570 0.318620 0.357476 0.313025 0.361828 0.300280 0.362760 0.296550 0.362760 0.293130 0.360584 0.290643 0.358408 0.290022 0.353435 0.289711 0.356543 0.286292 0.357476 0.285359 0.351881 0.280696 0.345353 0.282251 0.324526 0.274168 0.322350 0.270749 0.319863 0.267641 0.315511 0.264843 0.311470 0.262667 0.305875 0.261424 0.300280 0.262667 0.298726 0.267952
0 0.254896 0.319242 0.251477 0.318620 0.249301 0.316755 0.247125 0.313025 0.247435 0.309294 0.251166 0.307429 0.254274 0.308051 0.256450 0.310849 0.258626 0.312714 0.259869 0.313957 0.261735 0.315822 0.263600 0.317376 0.265154 0.319242 0.264843 0.322661 0.263600 0.323283 0.260180 0.323593 0.257694 0.322661 0.256761 0.321417 0.254896 0.319242
0 0.255828 0.437053 0.254274 0.436431 0.251477 0.433945 0.249611 0.430525 0.248368 0.428039 0.244638 0.424619 0.241529 0.421822 0.238732 0.418402 0.238421 0.414672 0.238110 0.411253 0.239353 0.410320 0.249922 0.411564 0.252720 0.410631 0.259559 0.410631 0.267330 0.410631 0.271371 0.409388 0.272925 0.408766 0.275412 0.408766 0.281318 0.410320 0.284426 0.413118 0.284737 0.417159 0.281940 0.420889 0.280075 0.426173 0.277588 0.428971 0.273547 0.430836 0.269817 0.433012 0.266397 0.435810 0.262667 0.436742 0.258937 0.438607 0.255828 0.437053
0 0.124961 0.476220 0.127137 0.466584 0.129935 0.464408 0.131489 0.462543 0.134287 0.460367 0.137084 0.459123 0.140504 0.457569 0.144234 0.456637 0.147342 0.456015 0.149829 0.457569 0.147964 0.460678 0.146721 0.463164 0.143923 0.466895 0.139882 0.469692 0.138328 0.472179 0.134908 0.474666 0.132111 0.476842 0.130246 0.479018 0.127448 0.479329 0.125894 0.477774 0.124961 0.475909
0 0.116257 0.465651 0.118744 0.465340 0.119366 0.463475 0.121231 0.462232 0.123096 0.459123 0.127759 0.455393 0.129935 0.453217 0.133354 0.451352 0.136463 0.449176 0.137706 0.446689 0.138017 0.444203 0.136463 0.443581 0.131178 0.443270 0.128380 0.444203 0.126826 0.445135 0.122785 0.447000 0.120609 0.449798 0.117501 0.451974 0.115636 0.456637 0.114392 0.459123 0.113771 0.461299 0.112838 0.463164 0.113149 0.465340 0.113771 0.466895 0.116568 0.465651
0 0.171588 0.456637 0.173454 0.456637 0.175940 0.454461 0.176251 0.452285 0.173764 0.450109 0.170967 0.449487 0.168791 0.450420 0.168169 0.453217 0.169102 0.455704 0.171588 0.456637
0 0.164128 0.449798 0.165682 0.449487 0.166304 0.447933 0.166615 0.446689 0.164439 0.445757 0.162574 0.445135 0.159154 0.447000 0.159465 0.448555 0.161020 0.448865 0.161952 0.449176 0.162885 0.449798 0.164128 0.449798
0 0.169723 0.677028 0.172210 0.678893 0.175319 0.680448 0.177495 0.679515 0.178427 0.675785 0.180292 0.673609 0.178116 0.668946 0.178738 0.666770 0.177805 0.662418 0.174075 0.661486 0.170656 0.661486 0.168791 0.661797 0.166926 0.662108 0.162885 0.663351 0.161020 0.665838 0.162885 0.668946 0.163817 0.671433 0.165061 0.674541 0.167237 0.675474 0.169723 0.677028
0 0.166615 0.659932 0.166615 0.661175 0.165371 0.662108 0.164128 0.662418 0.162885 0.661797 0.161020 0.659932 0.161952 0.656823 0.162263 0.655269 0.162885 0.653715 0.163196 0.652160 0.164439 0.650295 0.165682 0.652160 0.166926 0.653715 0.167547 0.655891 0.167237 0.657445 0.166615 0.660553
0 0.283183 0.807274 0.282872 0.803855 0.281629 0.798881 0.282561 0.795772 0.284116 0.795151 0.287224 0.794529 0.291576 0.794840 0.294684 0.796394 0.297482 0.797948 0.298415 0.801989 0.298415 0.805098 0.298415 0.808517 0.299036 0.812558 0.297793 0.813180 0.294374 0.815356 0.291576 0.815356 0.287224 0.813491 0.286292 0.811315 0.284116 0.809450 0.283494 0.807585 0.283183 0.806652
0 0.456637 0.862294 0.455393 0.857942 0.455082 0.853590 0.455393 0.851414 0.456015 0.847684 0.458191 0.846441 0.462543 0.845819 0.467827 0.855455 0.467827 0.857942 0.468449 0.860740 0.466895 0.863537 0.465030 0.866957 0.462543 0.868200 0.460056 0.868200 0.457258 0.866646 0.456637 0.863848 0.456637 0.861983
0 0.537146 0.781163 0.536836 0.778054 0.536525 0.773702 0.538079 0.769661 0.537457 0.765931 0.535903 0.761890 0.545539 0.757227 0.546783 0.754430 0.562014 0.735157 0.566988 0.734535 0.564190 0.740752 0.566366 0.744793 0.564190 0.750389 0.563569 0.754430 0.561703 0.758781 0.559528 0.762823 0.558595 0.765309 0.556419 0.769039 0.556419 0.772459 0.552689 0.782095 0.547404 0.782717 0.545228 0.782406 0.544918 0.784893 0.542120 0.786447 0.538390 0.784582 0.536836 0.780852
0 0.799192 0.690395 0.797327 0.686665 0.796083 0.683245 0.796083 0.680448 0.796083 0.677961 0.798570 0.677339 0.802300 0.677339 0.808206 0.679204 0.810382 0.681380 0.811004 0.682934 0.809761 0.685732 0.807585 0.687908 0.805720 0.688530 0.802611 0.689773 0.800746 0.690706 0.799192 0.690706
0 0.523469 0.626360 0.526888 0.624495 0.532173 0.621386 0.534660 0.617035 0.535903 0.611439 0.534038 0.608642 0.529064 0.608020 0.525334 0.606776 0.521604 0.606155 0.517252 0.609574 0.514144 0.612372 0.512279 0.615169 0.512279 0.618278 0.520050 0.624806 0.520361 0.625117 0.523469 0.626671
0 0.556419 0.601492 0.555797 0.594653 0.556419 0.587193 0.557973 0.580354 0.566677 0.560460 0.567920 0.557662 0.572272 0.552689 0.574759 0.553311 0.581598 0.560460 0.580976 0.564812 0.583774 0.568853 0.585950 0.574448 0.585017 0.579111 0.586882 0.585950 0.585328 0.594343 0.580044 0.595586 0.575692 0.597140 0.573205 0.597762 0.567920 0.599938 0.565434 0.602735 0.564501 0.605844 0.560460 0.606776 0.556730 0.602425 0.556419 0.601181
0 0.580354 0.545228 0.582841 0.546783 0.584395 0.549270 0.590302 0.553932 0.595586 0.554865 0.600870 0.555176 0.605533 0.554865 0.610196 0.552067 0.611750 0.550513 0.620143 0.538079 0.618900 0.536836 0.616413 0.535592 0.610507 0.535592 0.607398 0.535281 0.603046 0.536525 0.600870 0.537146 0.595897 0.538701 0.593721 0.541187 0.587815 0.541809 0.582530 0.541498 0.580044 0.541809 0.579111 0.544918 0.580665 0.545228
0 0.587504 0.488965 0.591856 0.490519 0.599316 0.494560 0.606155 0.495493 0.612372 0.495804 0.617345 0.494871 0.618278 0.485235 0.617656 0.481505 0.616413 0.477463 0.614859 0.471868 0.607709 0.467516 0.603357 0.467516 0.598073 0.466895 0.593721 0.469692 0.590302 0.471557 0.585950 0.479329 0.585950 0.481505 0.586260 0.485235 0.586571 0.486789 0.587504 0.489587
0 0.679515 0.255207 0.675474 0.257694 0.674541 0.262356 0.672987 0.265465 0.673298 0.268884 0.674852 0.270127 0.678893 0.271993 0.689151 0.265465 0.690084 0.262045 0.689462 0.258004 0.686975 0.255518 0.683245 0.254585 0.678583 0.255518
0 0.664594 0.215418 0.666459 0.214175 0.667081 0.211688 0.667081 0.209201 0.665527 0.206403 0.663351 0.204849 0.659932 0.206093 0.658999 0.208890 0.658999 0.211377 0.660242 0.214175 0.662108 0.215729 0.664594 0.215107
0 0.532484 0.195213 0.530619 0.200497 0.530929 0.203606 0.531240 0.207958 0.530619 0.213242 0.532173 0.214486 0.535592 0.216972 0.541187 0.215418 0.544296 0.212310 0.544918 0.208890 0.546783 0.199565 0.545228 0.196767 0.543674 0.192726 0.540877 0.190550 0.537146 0.189929 0.534970 0.193659 0.533105 0.194902 0.532484 0.195835
0 0.507616 0.139571 0.510724 0.140193 0.514765 0.139571 0.516630 0.137395 0.522537 0.134908 0.525956 0.134908 0.528753 0.135219 0.537457 0.137706 0.540877 0.133354 0.531862 0.126205 0.525334 0.125272 0.521915 0.125583 0.518185 0.125583 0.516009 0.125583 0.511657 0.128070 0.504196 0.135841 0.504196 0.137706 0.506372 0.139882 0.507927 0.139571
0 0.508548 0.120298 0.513522 0.119055 0.516630 0.118744 0.520050 0.117501 0.522847 0.113771 0.521604 0.111595 0.519428 0.111284 0.515698 0.110973 0.511035 0.111906 0.508859 0.113771 0.506062 0.115947 0.505129 0.117812 0.506062 0.120298 0.508548 0.120298
0 0.317376 0.164750 0.320174 0.163506 0.322972 0.161641 0.327945 0.158533 0.328567 0.156357 0.330121 0.153870 0.329500 0.150762 0.327013 0.150762 0.325148 0.151694 0.321107 0.153248 0.317376 0.156668 0.315822 0.161020 0.315200 0.162885 0.316133 0.164439 0.317376 0.164750
0 0.325769 0.172521 0.326080 0.175319 0.327945 0.176251 0.331054 0.177805 0.333851 0.175940 0.336960 0.177495 0.345664 0.174386 0.348461 0.171588 0.350637 0.168480 0.348461 0.164750 0.345664 0.162885 0.341623 0.162263 0.336649 0.162574 0.332608 0.164128 0.328878 0.165993 0.327013 0.168480 0.325769 0.170967 0.325769 0.172521
0 0.375194 0.222568 0.378303 0.227230 0.388561 0.236867 0.392602 0.232826 0.391048 0.219459 0.387007 0.212620 0.383276 0.209823 0.377992 0.209201 0.375816 0.212310 0.374883 0.215729 0.373951 0.218837 0.374883 0.222568
0 0.179981 0.288157 0.186509 0.281629 0.188685 0.279142 0.189618 0.276034 0.187131 0.274479 0.182468 0.274168 0.177184 0.276034 0.173454 0.280075 0.172832 0.282561 0.170345 0.287846 0.175940 0.297482 0.177805 0.293752 0.179360 0.290643 0.180603 0.288468 0.180603 0.287224
0 0.442027 0.605844 0.443581 0.608642 0.445446 0.609574 0.447311 0.609574 0.450109 0.608952 0.451663 0.609263 0.453528 0.609574 0.456637 0.610196 0.459434 0.611128 0.460988 0.611439 0.465030 0.612061 0.467827 0.612061 0.469692 0.611439 0.470314 0.609574 0.470936 0.607087 0.473733 0.600249 0.474044 0.597762 0.474355 0.595586 0.474044 0.592167 0.471868 0.589369 0.470936 0.587815 0.469381 0.585639 0.465340 0.585017 0.460367 0.589680 0.460056 0.590302 0.456637 0.594653 0.455082 0.595586 0.453839 0.596829 0.449487 0.598694 0.447000 0.599938 0.446068 0.600249 0.442027 0.605844
