0 0.185887 0.457569 0.185762 0.458539 0.185391 0.459472 0.184787 0.460332 0.183976 0.461086 0.182986 0.461705 0.181858 0.462164 0.180633 0.462447 0.179360 0.462543 0.178086 0.462447 0.176862 0.462164 0.175733 0.461705 0.174744 0.461086 0.173932 0.460332 0.173329 0.459472 0.172957 0.458539 0.172832 0.457569 0.172957 0.456599 0.173329 0.455666 0.173932 0.454806 0.174744 0.454052 0.175733 0.453434 0.176862 0.452974 0.178086 0.452691 0.179360 0.452596 0.180633 0.452691 0.181858 0.452974 0.182986 0.453434 0.183976 0.454052 0.184787 0.454806 0.185391 0.455666 0.185762 0.456599
0 0.316444 0.600249 0.316241 0.602492 0.315639 0.604650 0.314663 0.606639 0.313348 0.608381 0.311747 0.609812 0.309920 0.610875 0.307937 0.611529 0.305875 0.611750 0.303813 0.611529 0.301831 0.610875 0.300003 0.609812 0.298402 0.608381 0.297087 0.606639 0.296111 0.604650 0.295509 0.602492 0.295306 0.600249 0.295509 0.598005 0.296111 0.595847 0.297087 0.593859 0.298402 0.592116 0.300003 0.590686 0.301831 0.589623 0.303813 0.588968 0.305875 0.588747 0.307937 0.588968 0.309920 0.589623 0.311747 0.590686 0.313348 0.592116 0.314663 0.593859 0.315639 0.595847 0.316241 0.598005
0 0.186509 0.653404 0.186336 0.656254 0.185823 0.658995 0.184990 0.661521 0.183869 0.663735 0.182503 0.665551 0.180944 0.666902 0.179253 0.667733 0.177495 0.668014 0.175736 0.667733 0.174045 0.666902 0.172486 0.665551 0.171120 0.663735 0.169999 0.661521 0.169166 0.658995 0.168653 0.656254 0.168480 0.653404 0.168653 0.650554 0.169166 0.647813 0.169999 0.645287 0.171120 0.643073 0.172486 0.641256 0.174045 0.639906 0.175736 0.639075 0.177495 0.638794 0.179253 0.639075 0.180944 0.639906 0.182503 0.641256 0.183869 0.643073 0.184990 0.645287 0.185823 0.647813 0.186336 0.650554
0 0.170034 0.640659 0.169945 0.641569 0.169679 0.642443 0.169248 0.643249 0.168669 0.643956 0.167962 0.644536 0.167156 0.644967 0.166281 0.645232 0.165371 0.645322 0.164462 0.645232 0.163587 0.644967 0.162781 0.644536 0.162074 0.643956 0.161495 0.643249 0.161064 0.642443 0.160798 0.641569 0.160709 0.640659 0.160798 0.639749 0.161064 0.638875 0.161495 0.638069 0.162074 0.637362 0.162781 0.636782 0.163587 0.636351 0.164462 0.636086 0.165371 0.635996 0.166281 0.636086 0.167156 0.636351 0.167962 0.636782 0.168669 0.637362 0.169248 0.638069 0.169679 0.638875 0.169945 0.639749
0 0.204228 0.623562 0.204084 0.624654 0.203660 0.625704 0.202970 0.626671 0.202042 0.627519 0.200912 0.628215 0.199622 0.628732 0.198223 0.629050 0.196767 0.629158 0.195312 0.629050 0.193912 0.628732 0.192622 0.628215 0.191492 0.627519 0.190564 0.626671 0.189875 0.625704 0.189450 0.624654 0.189307 0.623562 0.189450 0.622471 0.189875 0.621421 0.190564 0.620454 0.191492 0.619606 0.192622 0.618910 0.193912 0.618393 0.195312 0.618075 0.196767 0.617967 0.198223 0.618075 0.199622 0.618393 0.200912 0.618910 0.202042 0.619606 0.202970 0.620454 0.203660 0.621421 0.204084 0.622471
0 0.145352 0.633408 0.147028 0.631498 0.148776 0.629774 0.150528 0.628300 0.152217 0.627134 0.153779 0.626320 0.155153 0.625890 0.156287 0.625861 0.157137 0.626233 0.157670 0.626992 0.157866 0.628109 0.157717 0.629541 0.157229 0.631233 0.156421 0.633121 0.155324 0.635130 0.153980 0.637185 0.152441 0.639206 0.150765 0.641116 0.149017 0.642841 0.147265 0.644315 0.145576 0.645481 0.144014 0.646294 0.142640 0.646724 0.141506 0.646753 0.140656 0.646381 0.140123 0.645622 0.139927 0.644505 0.140076 0.643073 0.140564 0.641381 0.141372 0.639494 0.142469 0.637484 0.143813 0.635429
0 0.211066 0.669879 0.211012 0.670606 0.210853 0.671306 0.210595 0.671951 0.210247 0.672516 0.209823 0.672980 0.209339 0.673325 0.208814 0.673537 0.208269 0.673609 0.207723 0.673537 0.207198 0.673325 0.206714 0.672980 0.206290 0.672516 0.205942 0.671951 0.205684 0.671306 0.205525 0.670606 0.205471 0.669879 0.205525 0.669151 0.205684 0.668451 0.205942 0.667806 0.206290 0.667241 0.206714 0.666777 0.207198 0.666433 0.207723 0.666220 0.208269 0.666149 0.208814 0.666220 0.209339 0.666433 0.209823 0.666777 0.210247 0.667241 0.210595 0.667806 0.210853 0.668451 0.211012 0.669151
0 0.219770 0.670811 0.219698 0.671539 0.219486 0.672239 0.219141 0.672884 0.218677 0.673449 0.218112 0.673913 0.217467 0.674258 0.216768 0.674470 0.216040 0.674541 0.215312 0.674470 0.214612 0.674258 0.213967 0.673913 0.213402 0.673449 0.212938 0.672884 0.212594 0.672239 0.212381 0.671539 0.212310 0.670811 0.212381 0.670084 0.212594 0.669384 0.212938 0.668739 0.213402 0.668174 0.213967 0.667710 0.214612 0.667365 0.215312 0.667153 0.216040 0.667081 0.216768 0.667153 0.217467 0.667365 0.218112 0.667710 0.218677 0.668174 0.219141 0.668739 0.219486 0.669384 0.219698 0.670084
0 0.231582 0.675785 0.231493 0.676695 0.231227 0.677569 0.230796 0.678375 0.230217 0.679082 0.229510 0.679662 0.228704 0.680093 0.227829 0.680358 0.226919 0.680448 0.226010 0.680358 0.225135 0.680093 0.224329 0.679662 0.223622 0.679082 0.223043 0.678375 0.222612 0.677569 0.222346 0.676695 0.222257 0.675785 0.222346 0.674875 0.222612 0.674001 0.223043 0.673194 0.223622 0.672488 0.224329 0.671908 0.225135 0.671477 0.226010 0.671212 0.226919 0.671122 0.227829 0.671212 0.228704 0.671477 0.229510 0.671908 0.230217 0.672488 0.230796 0.673194 0.231227 0.674001 0.231493 0.674875
0 0.233447 0.732048 0.233370 0.732837 0.233140 0.733595 0.232766 0.734294 0.232264 0.734906 0.231651 0.735408 0.230953 0.735782 0.230195 0.736012 0.229406 0.736090 0.228618 0.736012 0.227860 0.735782 0.227161 0.735408 0.226549 0.734906 0.226046 0.734294 0.225673 0.733595 0.225443 0.732837 0.225365 0.732048 0.225443 0.731260 0.225673 0.730502 0.226046 0.729803 0.226549 0.729191 0.227161 0.728688 0.227860 0.728315 0.228618 0.728085 0.229406 0.728007 0.230195 0.728085 0.230953 0.728315 0.231651 0.728688 0.232264 0.729191 0.232766 0.729803 0.233140 0.730502 0.233370 0.731260
0 0.433945 0.514765 0.433742 0.515857 0.433140 0.516907 0.432163 0.517874 0.430849 0.518722 0.429248 0.519418 0.427420 0.519935 0.425438 0.520253 0.423376 0.520361 0.421314 0.520253 0.419331 0.519935 0.417504 0.519418 0.415903 0.518722 0.414588 0.517874 0.413611 0.516907 0.413010 0.515857 0.412807 0.514765 0.413010 0.513674 0.413611 0.512624 0.414588 0.511657 0.415903 0.510809 0.417504 0.510113 0.419331 0.509596 0.421314 0.509278 0.423376 0.509170 0.425438 0.509278 0.427420 0.509596 0.429248 0.510113 0.430849 0.510809 0.432163 0.511657 0.433140 0.512624 0.433742 0.513674
0 0.478707 0.595275 0.478390 0.598732 0.477453 0.602056 0.475930 0.605119 0.473881 0.607804 0.471385 0.610007 0.468537 0.611645 0.465446 0.612653 0.462232 0.612993 0.459018 0.612653 0.455927 0.611645 0.453079 0.610007 0.450582 0.607804 0.448533 0.605119 0.447011 0.602056 0.446073 0.598732 0.445757 0.595275 0.446073 0.591818 0.447011 0.588495 0.448533 0.585431 0.450582 0.582746 0.453079 0.580543 0.455927 0.578905 0.459018 0.577897 0.462232 0.577557 0.465446 0.577897 0.468537 0.578905 0.471385 0.580543 0.473881 0.582746 0.475930 0.585431 0.477453 0.588495 0.478390 0.591818
0 0.658067 0.807274 0.657977 0.808002 0.657712 0.808701 0.657281 0.809346 0.656701 0.809911 0.655994 0.810375 0.655188 0.810720 0.654313 0.810932 0.653404 0.811004 0.652494 0.810932 0.651619 0.810720 0.650813 0.810375 0.650107 0.809911 0.649527 0.809346 0.649096 0.808701 0.648831 0.808002 0.648741 0.807274 0.648831 0.806546 0.649096 0.805846 0.649527 0.805201 0.650107 0.804636 0.650813 0.804172 0.651619 0.803828 0.652494 0.803615 0.653404 0.803544 0.654313 0.803615 0.655188 0.803828 0.655994 0.804172 0.656701 0.804636 0.657281 0.805201 0.657712 0.805846 0.657977 0.806546
0 0.329810 0.379546 0.329661 0.381305 0.329219 0.382996 0.328501 0.384554 0.327534 0.385920 0.326357 0.387042 0.325013 0.387875 0.323555 0.388388 0.322039 0.388561 0.320523 0.388388 0.319065 0.387875 0.317722 0.387042 0.316544 0.385920 0.315578 0.384554 0.314860 0.382996 0.314417 0.381305 0.314268 0.379546 0.314417 0.377787 0.314860 0.376096 0.315578 0.374538 0.316544 0.373172 0.317722 0.372051 0.319065 0.371218 0.320523 0.370705 0.322039 0.370532 0.323555 0.370705 0.325013 0.371218 0.326357 0.372051 0.327534 0.373172 0.328501 0.374538 0.329219 0.376096 0.329661 0.377787
0 0.214175 0.337892 0.214007 0.339166 0.213512 0.340391 0.212708 0.341519 0.211625 0.342508 0.210306 0.343320 0.208802 0.343923 0.207169 0.344295 0.205471 0.344420 0.203773 0.344295 0.202140 0.343923 0.200635 0.343320 0.199316 0.342508 0.198234 0.341519 0.197430 0.340391 0.196934 0.339166 0.196767 0.337892 0.196934 0.336619 0.197430 0.335394 0.198234 0.334266 0.199316 0.333277 0.200635 0.332465 0.202140 0.331862 0.203773 0.331490 0.205471 0.331365 0.207169 0.331490 0.208802 0.331862 0.210306 0.332465 0.211625 0.333277 0.212708 0.334266 0.213512 0.335394 0.214007 0.336619
0 0.177575 0.284850 0.175977 0.287539 0.174283 0.290037 0.172557 0.292248 0.170865 0.294086 0.169273 0.295482 0.167842 0.296380 0.166626 0.296748 0.165672 0.296571 0.165018 0.295855 0.164688 0.294629 0.164694 0.292938 0.165037 0.290849 0.165704 0.288442 0.166668 0.285808 0.167894 0.283050 0.169333 0.280272 0.170930 0.277583 0.172624 0.275085 0.174350 0.272875 0.176042 0.271037 0.177634 0.269641 0.179065 0.268742 0.180281 0.268374 0.181235 0.268552 0.181889 0.269268 0.182220 0.270494 0.182213 0.272185 0.181870 0.274274 0.181203 0.276681 0.180239 0.279315 0.179013 0.282073
0 0.496425 0.164439 0.496336 0.165409 0.496070 0.166342 0.495639 0.167202 0.495060 0.167956 0.494353 0.168574 0.493547 0.169034 0.492672 0.169317 0.491763 0.169412 0.490853 0.169317 0.489978 0.169034 0.489172 0.168574 0.488465 0.167956 0.487886 0.167202 0.487455 0.166342 0.487189 0.165409 0.487100 0.164439 0.487189 0.163469 0.487455 0.162536 0.487886 0.161676 0.488465 0.160922 0.489172 0.160304 0.489978 0.159844 0.490853 0.159561 0.491763 0.159465 0.492672 0.159561 0.493547 0.159844 0.494353 0.160304 0.495060 0.160922 0.495639 0.161676 0.496070 0.162536 0.496336 0.163469
0 0.600081 0.411253 0.599905 0.412593 0.599384 0.413881 0.598537 0.415068 0.597399 0.416109 0.596011 0.416963 0.594428 0.417598 0.592710 0.417989 0.590923 0.418121 0.589137 0.417989 0.587419 0.417598 0.585836 0.416963 0.584448 0.416109 0.583309 0.415068 0.582463 0.413881 0.581942 0.412593 0.581766 0.411253 0.581942 0.409913 0.582463 0.408624 0.583309 0.407437 0.584448 0.406396 0.585836 0.405542 0.587419 0.404907 0.589137 0.404516 0.590923 0.404385 0.592710 0.404516 0.594428 0.404907 0.596011 0.405542 0.597399 0.406396 0.598537 0.407437 0.599384 0.408624 0.599905 0.409913
0 0.616383 0.366857 0.618183 0.363462 0.620298 0.360375 0.622645 0.357714 0.625135 0.355581 0.627673 0.354058 0.630159 0.353205 0.632500 0.353053 0.634605 0.353608 0.636393 0.354850 0.637795 0.356731 0.638758 0.359177 0.639245 0.362096 0.639236 0.365375 0.638733 0.368887 0.637754 0.372499 0.636337 0.376071 0.634537 0.379466 0.632422 0.382553 0.630075 0.385215 0.627584 0.387348 0.625047 0.388870 0.622560 0.389724 0.620220 0.389875 0.618115 0.389320 0.616327 0.388078 0.614925 0.386198 0.613962 0.383751 0.613475 0.380832 0.613484 0.377554 0.613987 0.374041 0.614966 0.370429
0 0.120609 0.472490 0.121231 0.478707 0.122164 0.482126 0.125583 0.487411 0.127137 0.490208 0.129313 0.491763 0.133354 0.492695 0.133354 0.487411 0.130556 0.483991 0.127448 0.480572 0.127448 0.478085 0.128070 0.474355 0.130246 0.474044 0.133354 0.474044 0.135841 0.473422 0.137084 0.468138 0.137084 0.466584 0.136152 0.464408 0.136773 0.461610 0.138638 0.460056 0.140504 0.455082 0.140504 0.452596 0.138017 0.452285 0.133976 0.452906 0.131489 0.454150 0.129624 0.455704 0.126205 0.459123 0.123407 0.463475 0.122474 0.465651 0.121542 0.468760 0.120609 0.472490
0 0.275101 0.493938 0.276344 0.498290 0.278210 0.501088 0.282561 0.502953 0.287224 0.503264 0.289711 0.501710 0.293441 0.499845 0.295928 0.497669 0.296550 0.494249 0.296550 0.492073 0.294684 0.488032 0.292819 0.485856 0.294374 0.484613 0.295928 0.483059 0.296550 0.480572 0.296550 0.477153 0.293441 0.475288 0.290333 0.473733 0.284737 0.471868 0.278831 0.472179 0.276034 0.474044 0.271993 0.476842 0.272303 0.479950 0.272303 0.484613 0.272303 0.488965 0.273858 0.491141 0.275412 0.494560
0 0.280075 0.808206 0.284116 0.811626 0.286913 0.812558 0.290643 0.811626 0.291265 0.807896 0.291576 0.804476 0.291576 0.799813 0.292819 0.796394 0.293441 0.793286 0.293130 0.789555 0.290022 0.787690 0.285670 0.786136 0.281940 0.785825 0.277588 0.788934 0.276034 0.792664 0.276034 0.796394 0.276966 0.800124 0.277277 0.803544 0.279764 0.806030 0.280075 0.808517
0 0.451041 0.864159 0.454150 0.868511 0.456326 0.870376 0.459123 0.872241 0.460988 0.872552 0.463164 0.871930 0.463786 0.867268 0.463786 0.864159 0.463475 0.860429 0.463475 0.857631 0.461921 0.853590 0.457880 0.850171 0.452906 0.849860 0.450109 0.850482 0.449176 0.853901 0.449176 0.856388 0.449798 0.859186 0.450420 0.861362 0.451041 0.864470
0 0.533727 0.783339 0.539012 0.782095 0.550202 0.776811 0.552067 0.774013 0.553932 0.769972 0.553932 0.764377 0.553621 0.760647 0.554865 0.756295 0.556108 0.753808 0.556419 0.752254 0.553621 0.751010 0.552067 0.751943 0.549270 0.753808 0.547715 0.756606 0.548026 0.759092 0.548648 0.763133 0.547715 0.767174 0.543053 0.768729 0.539322 0.769039 0.535592 0.768107 0.531240 0.768418 0.530308 0.769972 0.530308 0.772459 0.530929 0.774635 0.531240 0.775878 0.530929 0.778054 0.531240 0.779608 0.531240 0.780852 0.532173 0.782406 0.534038 0.783339
0 0.602425 0.751010 0.605533 0.751943 0.607709 0.750699 0.609885 0.749456 0.610196 0.747280 0.610196 0.745415 0.609574 0.742617 0.607709 0.741374 0.606466 0.739820 0.606466 0.737955 0.605844 0.736090 0.603979 0.733603 0.602425 0.732981 0.599005 0.732981 0.597451 0.733603 0.595897 0.736400 0.595586 0.738887 0.596518 0.741063 0.597451 0.742928 0.598694 0.745726 0.599627 0.747591 0.600870 0.749145 0.602425 0.751010
0 0.635064 0.833696 0.636929 0.834939 0.638483 0.834939 0.641281 0.832453 0.641592 0.829966 0.641281 0.825925 0.641281 0.821884 0.640970 0.818464 0.638483 0.816288 0.636929 0.814734 0.635064 0.813180 0.632888 0.813491 0.630401 0.815045 0.629779 0.816599 0.629779 0.818775 0.629779 0.821573 0.630090 0.824060 0.630090 0.825925 0.630401 0.828101 0.631334 0.830277 0.632888 0.831831 0.635064 0.833696
0 0.654647 0.838670 0.658067 0.838670 0.661175 0.837426 0.672366 0.827479 0.672676 0.825925 0.671744 0.822816 0.669879 0.820640 0.667081 0.819086 0.664594 0.818154 0.660553 0.817221 0.655580 0.816599 0.654025 0.818775 0.655269 0.820951 0.658067 0.822195 0.659621 0.823438 0.661797 0.824060 0.662418 0.825925 0.661797 0.827479 0.659310 0.828722 0.657445 0.830898 0.654336 0.830898 0.652160 0.831831 0.648430 0.832142 0.647498 0.833696 0.646876 0.836183 0.647809 0.836804 0.650295 0.837115 0.652160 0.837115 0.652782 0.837737 0.655580 0.838980
0 0.783960 0.691949 0.784582 0.693814 0.786136 0.694747 0.788312 0.693192 0.790177 0.691016 0.792664 0.689462 0.797638 0.684489 0.799192 0.680758 0.799192 0.678583 0.797016 0.677339 0.794840 0.677339 0.792042 0.677339 0.789555 0.677961 0.788001 0.680448 0.787690 0.683245 0.786136 0.686043 0.784271 0.688841 0.783960 0.691016 0.783960 0.691949
0 0.778676 0.693503 0.775878 0.695679 0.774946 0.697233 0.775567 0.699720 0.777122 0.700653 0.779297 0.700964 0.783339 0.698166 0.783339 0.695990 0.780541 0.693192 0.778054 0.693192
0 0.847995 0.502642 0.844887 0.504196 0.843332 0.506994 0.844265 0.509481 0.844887 0.512279 0.846752 0.514144 0.848928 0.516320 0.853590 0.516630 0.861672 0.513211 0.863227 0.511035 0.863227 0.507927 0.857942 0.503575 0.855145 0.503575 0.849860 0.502642 0.848306 0.501710 0.847062 0.502642
0 0.843954 0.521293 0.841467 0.523158 0.841156 0.525334 0.842089 0.526578 0.843021 0.527821 0.845508 0.527821 0.847062 0.526578 0.847373 0.524402 0.846752 0.522847 0.845819 0.521915 0.843332 0.521293
0 0.854834 0.526578 0.852969 0.526267 0.852036 0.527510 0.851104 0.529686 0.852658 0.533105 0.853590 0.533727 0.854212 0.535592 0.854212 0.538079 0.854523 0.540255 0.856077 0.540877 0.858875 0.536836 0.858875 0.534349 0.858253 0.532173 0.857010 0.529375 0.854523 0.526267
0 0.581287 0.466895 0.580044 0.467827 0.576624 0.472179 0.575070 0.475288 0.569786 0.479639 0.568542 0.483370 0.568231 0.486478 0.571340 0.489897 0.580665 0.496425 0.584395 0.497047 0.592167 0.497669 0.605222 0.494560 0.613926 0.483991 0.613615 0.480883 0.612993 0.475598 0.611128 0.470314 0.599938 0.464408 0.592477 0.463475 0.588747 0.461921 0.585639 0.461921 0.582219 0.465030 0.580976 0.466895
0 0.500466 0.626049 0.502331 0.629779 0.504196 0.630090 0.511657 0.623873 0.517563 0.620765 0.521915 0.619210 0.525956 0.617345 0.531240 0.600560 0.532173 0.596829 0.531551 0.592477 0.527821 0.593410 0.526888 0.595275 0.525956 0.598073 0.523780 0.601803 0.520050 0.604601 0.516630 0.603979 0.512900 0.603357 0.510413 0.600870 0.506062 0.600560 0.503575 0.603357 0.501710 0.607087 0.501710 0.613615 0.500777 0.617345 0.500155 0.620765 0.499845 0.624806 0.500466 0.626360
0 0.526888 0.567299 0.523158 0.569164 0.521915 0.571340 0.522226 0.573827 0.523780 0.576313 0.526267 0.577246 0.528753 0.577868 0.531240 0.577246 0.530619 0.568853 0.529686 0.567610 0.527510 0.566988 0.526578 0.567299
0 0.547404 0.556419 0.544918 0.559217 0.541809 0.561393 0.538390 0.563569 0.537457 0.565123 0.539012 0.569475 0.539012 0.571961 0.540566 0.574759 0.541809 0.580665 0.542742 0.583463 0.544296 0.588126 0.545539 0.589680 0.553000 0.595586 0.555486 0.598694 0.558284 0.600870 0.562014 0.597762 0.562325 0.595586 0.564812 0.592167 0.567299 0.590302 0.569475 0.584085 0.570096 0.581598 0.572894 0.579422 0.578178 0.581598 0.581598 0.580665 0.577246 0.572272 0.565123 0.565123 0.560771 0.563879 0.556419 0.566055 0.552689 0.566366 0.551756 0.563258 0.557352 0.554554 0.556419 0.553000 0.554554 0.551445 0.551135 0.552067 0.548648 0.554865 0.547094 0.556419
0 0.442027 0.440783 0.441094 0.442648 0.440472 0.444824 0.440783 0.447933 0.445135 0.452285 0.447000 0.452596 0.450109 0.451974 0.453839 0.445135 0.453528 0.442648 0.445135 0.438607 0.442027 0.440783
0 0.514765 0.427106 0.512900 0.428349 0.511035 0.431147 0.511657 0.433012 0.512589 0.434877 0.514144 0.436431 0.517252 0.436742 0.518495 0.436431 0.520982 0.435499 0.521604 0.433634 0.521604 0.431458 0.520982 0.429593 0.520050 0.427106 0.518185 0.426173 0.514454 0.427106
0 0.663040 0.317998 0.659932 0.321107 0.658999 0.323593 0.659310 0.326080 0.657134 0.329189 0.655580 0.333230 0.654647 0.335717 0.654647 0.339136 0.655891 0.341001 0.661175 0.340690 0.664283 0.337892 0.671122 0.328878 0.674541 0.327013 0.680448 0.324837 0.691327 0.321107 0.692882 0.320485 0.695679 0.319242 0.697855 0.316133 0.696301 0.313957 0.694747 0.313335 0.689462 0.315511 0.687597 0.316133 0.682002 0.317998 0.677961 0.318620 0.668014 0.317376 0.664905 0.317687 0.662418 0.317998
0 0.701274 0.183090 0.696923 0.183090 0.690395 0.183712 0.687597 0.183712 0.682313 0.188063 0.677339 0.193348 0.677028 0.197389 0.678272 0.198943 0.686043 0.196456 0.687597 0.197078 0.691638 0.201741 0.693814 0.202673 0.699099 0.196456 0.697233 0.193348 0.698477 0.191483 0.703140 0.190861 0.706870 0.187131 0.706248 0.184955 0.705005 0.183712 0.700653 0.183090
0 0.672366 0.255828 0.669257 0.259248 0.667081 0.263600 0.666459 0.266708 0.667703 0.269817 0.672987 0.272614 0.680137 0.270749 0.690395 0.258937 0.690706 0.254896 0.694125 0.249301 0.698788 0.247435 0.700653 0.242462 0.694125 0.243394 0.691016 0.245260 0.688530 0.247125 0.683556 0.246503 0.678583 0.248057 0.676096 0.250855 0.672055 0.255828
0 0.528753 0.185887 0.527199 0.192104 0.526578 0.196767 0.525956 0.201430 0.525956 0.207336 0.526578 0.211377 0.531240 0.216040 0.535592 0.216040 0.539012 0.215107 0.543674 0.204228 0.543674 0.199254 0.543674 0.194902 0.542431 0.188996 0.540566 0.184644 0.536525 0.182468 0.530308 0.182779 0.528753 0.186509
0 0.524712 0.123718 0.520050 0.123407 0.517874 0.123718 0.513522 0.125583 0.511035 0.127137 0.512279 0.129002 0.514144 0.130556 0.515387 0.133354 0.515698 0.135530 0.518806 0.138949 0.520982 0.138949 0.522847 0.137084 0.528132 0.131489 0.530308 0.131489 0.533105 0.130867 0.534038 0.126515 0.529997 0.124029 0.523469 0.123718
0 0.504818 0.118744 0.509170 0.116879 0.513522 0.116568 0.517563 0.115014 0.519428 0.113460 0.520050 0.111284 0.518185 0.109419 0.516320 0.109108 0.511968 0.109108 0.508237 0.110662 0.505751 0.112216 0.503575 0.113771 0.501710 0.116257 0.500777 0.118744 0.501710 0.120298 0.504196 0.119366 0.505129 0.118744
0 0.316444 0.152627 0.313957 0.155735 0.313025 0.157600 0.311470 0.160087 0.307740 0.164128 0.306808 0.166615 0.306808 0.169102 0.306808 0.173454 0.308984 0.175629 0.313025 0.170656 0.315822 0.164439 0.318309 0.159776 0.320796 0.157911 0.323904 0.154803 0.324526 0.151072 0.322350 0.150140 0.319863 0.150140 0.315822 0.152938
0 0.324526 0.206403 0.320796 0.207336 0.319863 0.207958 0.319863 0.211377 0.320174 0.213864 0.321417 0.216351 0.322661 0.216972 0.325459 0.217594 0.327634 0.217594 0.330432 0.217594 0.333230 0.213864 0.331986 0.211377 0.330432 0.209823 0.328256 0.207958 0.324526 0.206403
0 0.319863 0.277899 0.316755 0.279142 0.310849 0.290333 0.309605 0.292509 0.308051 0.294374 0.308673 0.297793 0.310538 0.302145 0.312403 0.307118 0.315200 0.314890 0.316755 0.318620 0.316133 0.323904 0.315511 0.327945 0.315511 0.334473 0.321417 0.335717 0.326391 0.336649 0.329810 0.334784 0.344420 0.350637 0.353124 0.352191 0.352813 0.346285 0.348772 0.340690 0.346285 0.335406 0.343488 0.330432 0.345353 0.322039 0.351570 0.322039 0.353746 0.315822 0.355922 0.308984 0.355922 0.301212 0.356854 0.295928 0.359963 0.295306 0.360895 0.292819 0.359030 0.287846 0.356543 0.283805 0.357165 0.279453 0.352813 0.274790 0.346285 0.273858 0.341933 0.276344 0.334473 0.276344 0.326702 0.276655 0.319863 0.277899
0 0.188374 0.284426 0.185266 0.287846 0.183712 0.290643 0.182468 0.293752 0.181225 0.296860 0.180914 0.300901 0.182157 0.304632 0.184644 0.304942 0.192415 0.298104 0.192726 0.296550 0.193659 0.293752 0.198943 0.286292 0.194902 0.281940 0.192104 0.282251 0.188063 0.284737
0 0.265465 0.377370 0.261735 0.375505 0.257072 0.376749 0.252720 0.380790 0.248990 0.384209 0.247125 0.386385 0.247435 0.392602 0.249611 0.395399 0.253963 0.397886 0.258004 0.399130 0.262667 0.399440 0.267952 0.400995 0.277588 0.407833 0.286292 0.409077 0.287846 0.412185 0.283494 0.414983 0.280696 0.415915 0.276034 0.417781 0.273236 0.421822 0.272303 0.425241 0.279142 0.430836 0.286292 0.429593 0.296550 0.420267 0.299036 0.417470 0.297793 0.406901 0.294684 0.400995 0.264843 0.377370
0 0.259559 0.430525 0.255518 0.431769 0.253963 0.434566 0.252409 0.437675 0.253963 0.441716 0.256761 0.443892 0.260802 0.442027 0.262356 0.439540 0.263600 0.435810 0.264221 0.432701 0.262045 0.430525 0.258626 0.430525
0 0.111294 0.453700 0.112967 0.451377 0.114707 0.449232 0.116447 0.447348 0.118120 0.445798 0.119661 0.444639 0.121012 0.443918 0.122121 0.443662 0.122944 0.443881 0.123451 0.444566 0.123621 0.445690 0.123449 0.447212 0.122941 0.449072 0.122116 0.451199 0.121006 0.453510 0.119654 0.455918 0.118112 0.458330 0.116439 0.460653 0.114699 0.462797 0.112959 0.464681 0.111287 0.466232 0.109745 0.467390 0.108394 0.468111 0.107286 0.468368 0.106462 0.468149 0.105956 0.467464 0.105785 0.466339 0.105957 0.464818 0.106465 0.462958 0.107290 0.460831 0.108400 0.458519 0.109752 0.456111
0 0.383276 0.679204 0.383151 0.679993 0.382779 0.680751 0.382176 0.681449 0.381364 0.682062 0.380375 0.682564 0.379247 0.682938 0.378022 0.683168 0.376749 0.683245 0.375475 0.683168 0.374250 0.682938 0.373122 0.682564 0.372133 0.682062 0.371321 0.681449 0.370718 0.680751 0.370346 0.679993 0.370221 0.679204 0.370346 0.678416 0.370718 0.677658 0.371321 0.676959 0.372133 0.676347 0.373122 0.675844 0.374250 0.675471 0.375475 0.675241 0.376749 0.675163 0.378022 0.675241 0.379247 0.675471 0.380375 0.675844 0.381364 0.676347 0.382176 0.676959 0.382779 0.677658 0.383151 0.678416
0 0.406279 0.649363 0.406225 0.650030 0.406066 0.650671 0.405808 0.651262 0.405460 0.651781 0.405036 0.652206 0.404552 0.652522 0.404027 0.652716 0.403482 0.652782 0.402936 0.652716 0.402411 0.652522 0.401927 0.652206 0.401503 0.651781 0.401155 0.651262 0.400897 0.650671 0.400738 0.650030 0.400684 0.649363 0.400738 0.648696 0.400897 0.648054 0.401155 0.647463 0.401503 0.646945 0.401927 0.646520 0.402411 0.646204 0.402936 0.646009 0.403482 0.645943 0.404027 0.646009 0.404552 0.646204 0.405036 0.646520 0.405460 0.646945 0.405808 0.647463 0.406066 0.648054 0.406225 0.648696
0 0.414361 0.644700 0.414301 0.645246 0.414125 0.645771 0.413837 0.646254 0.413451 0.646678 0.412980 0.647026 0.412442 0.647285 0.411859 0.647444 0.411253 0.647498 0.410646 0.647444 0.410063 0.647285 0.409526 0.647026 0.409055 0.646678 0.408668 0.646254 0.408381 0.645771 0.408204 0.645246 0.408144 0.644700 0.408204 0.644154 0.408381 0.643629 0.408668 0.643146 0.409055 0.642722 0.409526 0.642374 0.410063 0.642115 0.410646 0.641956 0.411253 0.641902 0.411859 0.641956 0.412442 0.642115 0.412980 0.642374 0.413451 0.642722 0.413837 0.643146 0.414125 0.643629 0.414301 0.644154
0 0.300901 0.756295 0.300842 0.756962 0.300665 0.757603 0.300378 0.758194 0.299991 0.758713 0.299520 0.759138 0.298983 0.759454 0.298399 0.759648 0.297793 0.759714 0.297187 0.759648 0.296603 0.759454 0.296066 0.759138 0.295595 0.758713 0.295208 0.758194 0.294921 0.757603 0.294744 0.756962 0.294684 0.756295 0.294744 0.755628 0.294921 0.754986 0.295208 0.754395 0.295595 0.753877 0.296066 0.753452 0.296603 0.753136 0.297187 0.752941 0.297793 0.752875 0.298399 0.752941 0.298983 0.753136 0.299520 0.753452 0.299991 0.753877 0.300378 0.754395 0.300665 0.754986 0.300842 0.755628
0 0.338825 0.794840 0.338747 0.795689 0.338517 0.796505 0.338144 0.797258 0.337641 0.797917 0.337029 0.798458 0.336330 0.798861 0.335572 0.799108 0.334784 0.799192 0.333996 0.799108 0.333238 0.798861 0.332539 0.798458 0.331927 0.797917 0.331424 0.797258 0.331051 0.796505 0.330821 0.795689 0.330743 0.794840 0.330821 0.793991 0.331051 0.793175 0.331424 0.792422 0.331927 0.791763 0.332539 0.791221 0.333238 0.790819 0.333996 0.790572 0.334784 0.790488 0.335572 0.790572 0.336330 0.790819 0.337029 0.791221 0.337641 0.791763 0.338144 0.792422 0.338517 0.793175 0.338747 0.793991
0 0.276342 0.768861 0.276561 0.769361 0.276605 0.769955 0.276471 0.770622 0.276165 0.771336 0.275699 0.772069 0.275090 0.772793 0.274363 0.773480 0.273544 0.774105 0.272665 0.774642 0.271761 0.775071 0.270866 0.775376 0.270014 0.775545 0.269238 0.775571 0.268567 0.775454 0.268029 0.775198 0.267643 0.774813 0.267424 0.774313 0.267380 0.773719 0.267514 0.773052 0.267820 0.772338 0.268286 0.771605 0.268895 0.770881 0.269622 0.770194 0.270441 0.769570 0.271320 0.769033 0.272224 0.768603 0.273119 0.768298 0.273971 0.768130 0.274748 0.768103 0.275418 0.768220 0.275956 0.768476
0 0.473733 0.758781 0.473656 0.759570 0.473426 0.760328 0.473052 0.761027 0.472550 0.761639 0.471937 0.762141 0.471239 0.762515 0.470481 0.762745 0.469692 0.762823 0.468904 0.762745 0.468146 0.762515 0.467447 0.762141 0.466835 0.761639 0.466332 0.761027 0.465959 0.760328 0.465729 0.759570 0.465651 0.758781 0.465729 0.757993 0.465959 0.757235 0.466332 0.756536 0.466835 0.755924 0.467447 0.755421 0.468146 0.755048 0.468904 0.754818 0.469692 0.754740 0.470481 0.754818 0.471239 0.755048 0.471937 0.755421 0.472550 0.755924 0.473052 0.756536 0.473426 0.757235 0.473656 0.757993
0 0.246503 0.512589 0.246378 0.513438 0.246006 0.514255 0.245403 0.515007 0.244591 0.515667 0.243602 0.516208 0.242473 0.516610 0.241249 0.516858 0.239975 0.516941 0.238702 0.516858 0.237477 0.516610 0.236348 0.516208 0.235359 0.515667 0.234547 0.515007 0.233944 0.514255 0.233573 0.513438 0.233447 0.512589 0.233573 0.511740 0.233944 0.510924 0.234547 0.510172 0.235359 0.509512 0.236348 0.508971 0.237477 0.508569 0.238702 0.508321 0.239975 0.508237 0.241249 0.508321 0.242473 0.508569 0.243602 0.508971 0.244591 0.509512 0.245403 0.510172 0.246006 0.510924 0.246378 0.511740
0 0.324215 0.179981 0.325459 0.181225 0.326080 0.183712 0.327945 0.184644 0.329810 0.182779 0.333230 0.181225 0.333851 0.177805 0.331365 0.173143 0.331675 0.170656 0.334473 0.169102 0.338203 0.168480 0.344420 0.162885 0.343488 0.159776 0.338203 0.159776 0.336027 0.159465 0.331365 0.160087 0.328878 0.161952 0.326391 0.163506 0.324215 0.165993 0.322350 0.169102 0.320485 0.171899 0.321728 0.178116 0.324526 0.179981
0 0.483991 0.234691 0.482437 0.235002 0.480883 0.236867 0.480883 0.238421 0.480883 0.240286 0.482748 0.242151 0.484302 0.243084 0.487100 0.243705 0.489276 0.241219 0.489587 0.239353 0.489276 0.237799 0.488654 0.236867 0.483370 0.234691
0 0.526888 0.234380 0.525023 0.235002 0.523780 0.236867 0.524091 0.238110 0.524712 0.239353 0.525956 0.240597 0.527199 0.240597 0.528443 0.239664 0.529375 0.238421 0.529686 0.235934 0.528753 0.234691 0.526578 0.234691
0 0.809450 0.322661 0.804165 0.324526 0.802300 0.327013 0.799503 0.329500 0.797016 0.334784 0.797948 0.337892 0.801368 0.338203 0.805409 0.336338 0.813491 0.332919 0.817221 0.332297 0.820951 0.332297 0.825925 0.330743 0.827479 0.328878 0.827479 0.326391 0.824992 0.323904 0.815045 0.322661 0.808517 0.322661
0 0.767174 0.382655 0.765309 0.384209 0.763755 0.386385 0.764688 0.388250 0.766553 0.389804 0.768729 0.390426 0.773391 0.390115 0.774013 0.387317 0.774635 0.385141 0.772148 0.383276 0.769350 0.382655 0.766864 0.382655
0 0.743239 0.387317 0.740131 0.387628 0.737955 0.389804 0.737955 0.392291 0.737955 0.393224 0.739198 0.394467 0.741996 0.395089 0.744482 0.395710 0.748523 0.394778 0.749456 0.391980 0.748213 0.389493 0.745104 0.387939 0.742617 0.387628
0 0.758160 0.525645 0.756606 0.526888 0.755673 0.528753 0.757227 0.531240 0.758471 0.532173 0.760647 0.533416 0.762201 0.534038 0.764066 0.532173 0.765620 0.529686 0.765620 0.527199 0.760647 0.525645 0.758781 0.525956 0.757849 0.525645
0 0.823438 0.488965 0.821262 0.491141 0.821884 0.493006 0.823127 0.494871 0.824060 0.495804 0.825925 0.495804 0.828412 0.495804 0.829655 0.495182 0.831209 0.492073 0.831520 0.490519 0.828412 0.488965 0.825925 0.488965 0.823127 0.488965
0 0.789555 0.328878 0.791110 0.327945 0.791731 0.326080 0.789245 0.324837 0.788312 0.324215 0.785204 0.326080 0.784893 0.327013 0.785204 0.329500 0.786447 0.330432 0.787690 0.330121 0.790177 0.328878
0 0.225365 0.276655 0.227230 0.276655 0.228474 0.275101 0.228163 0.272925 0.226298 0.271371 0.224122 0.270749 0.221946 0.270749 0.221013 0.272614 0.221013 0.273858 0.222568 0.275101 0.223811 0.275723 0.225054 0.276655
0 0.923220 0.591856 0.920423 0.592788 0.917936 0.594653 0.916071 0.596518 0.914206 0.597451 0.913273 0.600249 0.914206 0.602425 0.915760 0.604911 0.917003 0.605533 0.918247 0.605844 0.921044 0.601803 0.922288 0.600249 0.927572 0.595275 0.927572 0.594032 0.925707 0.592788 0.924153 0.592477 0.923220 0.591856
0 0.467827 0.566988 0.465651 0.569164 0.464719 0.571340 0.465030 0.574448 0.465340 0.576624 0.465651 0.578489 0.467516 0.580044 0.468760 0.580354 0.469692 0.580354 0.471868 0.580044 0.473422 0.578800 0.474666 0.576313 0.474977 0.573827 0.474666 0.571340 0.473733 0.568853 0.471868 0.567920 0.470314 0.567299 0.470314 0.567920 0.467827 0.567610
