0 0.359652 0.279764 0.352191 0.278520 0.345042 0.278210 0.338514 0.277277 0.331054 0.277588 0.322350 0.279764 0.315511 0.283183 0.311470 0.288468 0.312092 0.293441 0.316133 0.297793 0.321107 0.307429 0.322350 0.314268 0.323593 0.320485 0.324215 0.325459 0.331365 0.323283 0.335406 0.321728 0.339447 0.324215 0.342866 0.328878 0.345975 0.333541 0.352813 0.333851 0.356854 0.328878 0.358408 0.319552 0.362449 0.311470 0.362449 0.302767 0.364936 0.295306 0.365869 0.292198 0.365558 0.287224 0.364315 0.283183 0.359652 0.279764
0 0.189929 0.290022 0.188374 0.292198 0.186198 0.295617 0.186198 0.298104 0.185577 0.300591 0.188996 0.301212 0.192415 0.301523 0.195213 0.300591 0.199876 0.298726 0.203295 0.297482 0.206714 0.296860 0.209512 0.295306 0.209201 0.290643 0.205782 0.287535 0.202673 0.285048 0.199876 0.284116 0.197078 0.285048 0.192415 0.286602 0.189618 0.290022
0 0.269506 0.380168 0.262978 0.380790 0.258315 0.384831 0.258315 0.392913 0.258315 0.394467 0.259248 0.401616 0.259248 0.409077 0.257694 0.414672 0.253342 0.421200 0.252409 0.428039 0.256139 0.438297 0.258315 0.442959 0.262667 0.447311 0.269817 0.445757 0.278520 0.438918 0.282872 0.430214 0.284426 0.421200 0.286913 0.412807 0.289089 0.404103 0.287535 0.392913 0.282872 0.384520 0.276966 0.381722 0.269506 0.380168
0 0.115014 0.464719 0.117190 0.468449 0.119677 0.467516 0.122474 0.463786 0.125272 0.460678 0.126826 0.455704 0.129935 0.453528 0.129935 0.448865 0.123096 0.450420 0.120298 0.452596 0.115947 0.458502 0.115636 0.461610
0 0.126826 0.474355 0.127137 0.477774 0.130556 0.478085 0.135219 0.474977 0.138949 0.469692 0.143301 0.465962 0.146410 0.462854 0.147031 0.457258 0.144234 0.455393 0.136463 0.459123 0.132732 0.460988 0.129313 0.466584
0 0.165993 0.506994 0.164128 0.507927 0.160709 0.507927 0.158533 0.511035 0.162885 0.513211 0.166615 0.513211 0.172521 0.512900 0.175319 0.511035 0.174697 0.503575 0.171588 0.504818 0.168791 0.504196 0.165061 0.505751
0 0.248679 0.514454 0.244949 0.516009 0.244327 0.518495 0.245570 0.520671 0.247746 0.521293 0.249301 0.521293 0.252409 0.520361 0.253963 0.518185 0.253342 0.514765 0.249611 0.514454
0 0.281629 0.482437 0.282872 0.486789 0.284426 0.488343 0.288468 0.488343 0.291887 0.485546 0.294063 0.479639 0.287535 0.475909 0.285981 0.477153 0.283183 0.479639
0 0.188063 0.456326 0.183712 0.459123 0.182779 0.462854 0.184644 0.464719 0.187442 0.466895 0.191172 0.469071 0.194902 0.468449 0.199565 0.466584 0.200808 0.463164 0.195835 0.459123 0.191794 0.457258 0.188374 0.455704
0 0.309294 0.593099 0.309294 0.598073 0.310538 0.601803 0.312714 0.604290 0.316444 0.604290 0.321107 0.603979 0.324215 0.596829 0.322661 0.593099 0.318931 0.590612 0.314579 0.590612 0.312714 0.590923
0 0.165061 0.667081 0.167858 0.672055 0.171899 0.676407 0.174075 0.678272 0.177805 0.679515 0.181536 0.676407 0.184333 0.669257 0.176873 0.661486 0.170967 0.657134 0.165993 0.657756 0.164128 0.661486 0.164128 0.663351
0 0.216040 0.668946 0.213553 0.673609 0.213553 0.677961 0.215729 0.679515 0.219770 0.677339 0.222568 0.674541 0.224122 0.671433 0.224744 0.667081 0.221013 0.665527 0.216661 0.667081
0 0.286913 0.805098 0.289711 0.810382 0.294063 0.814113 0.297793 0.811937 0.300901 0.804476 0.301523 0.797016 0.298726 0.791421 0.291265 0.790177 0.288468 0.793286 0.285981 0.798259 0.285981 0.800746
0 0.401616 0.750699 0.400995 0.753497 0.399751 0.757227 0.398197 0.761579 0.399440 0.765620 0.403171 0.766242 0.409388 0.766864 0.410942 0.765620 0.414672 0.758781 0.415294 0.753497 0.415915 0.748523 0.412185 0.746037 0.406901 0.749145
0 0.478707 0.568231 0.471247 0.570407 0.466584 0.575692 0.461610 0.580976 0.457258 0.586882 0.456326 0.590923 0.457880 0.596829 0.461610 0.603357 0.467516 0.608020 0.480261 0.605844 0.488965 0.597451 0.491452 0.582530 0.490830 0.570718 0.483370 0.566988
0 0.534660 0.593721 0.530929 0.599627 0.527199 0.600560 0.518185 0.604911 0.512279 0.609574 0.512900 0.613926 0.517563 0.616102 0.528753 0.617035 0.537768 0.614548 0.542120 0.603357 0.542120 0.595275 0.537768 0.593099
0 0.552689 0.561082 0.551756 0.566988 0.552067 0.575070 0.554243 0.584085 0.558595 0.592788 0.562947 0.597451 0.568542 0.598384 0.576002 0.595275 0.582530 0.592167 0.589369 0.585328 0.589369 0.574448 0.583152 0.566055 0.577868 0.558595 0.569786 0.555486 0.558595 0.555797
0 0.677961 0.682002 0.672987 0.685732 0.671433 0.693192 0.670500 0.699720 0.663351 0.705626 0.661486 0.709357 0.670500 0.720858 0.675785 0.723656 0.687908 0.726764 0.710289 0.711843 0.709357 0.704072 0.689151 0.684178
0 0.799192 0.672987 0.794840 0.673609 0.791731 0.676717 0.791421 0.681691 0.789555 0.686354 0.786447 0.690706 0.785825 0.694747 0.789555 0.696612 0.792975 0.696612 0.797016 0.694747 0.807274 0.688530 0.810382 0.681691 0.809761 0.675785 0.804165 0.673609
0 0.606466 0.533105 0.603979 0.537146 0.602114 0.542742 0.607087 0.548026 0.611750 0.548026 0.617035 0.545850 0.620454 0.540877 0.618589 0.535281 0.613926 0.530929
0 0.598073 0.470625 0.589991 0.472801 0.576002 0.484613 0.579422 0.490519 0.602735 0.496736 0.610818 0.496736 0.617035 0.493628 0.611750 0.476531 0.609574 0.473422 0.607709 0.470625
0 0.518185 0.422132 0.517563 0.425863 0.517563 0.430836 0.520671 0.433945 0.523469 0.433945 0.527821 0.431769 0.530929 0.427728 0.529375 0.421822 0.525956 0.418402 0.521293 0.418091
0 0.741685 0.386696 0.738576 0.389804 0.736400 0.392291 0.739509 0.398197 0.742928 0.398819 0.749145 0.396021 0.751321 0.392913 0.750699 0.387007 0.746969 0.386696
0 0.418091 0.513833 0.415294 0.519739 0.419646 0.522847 0.423998 0.524402 0.429282 0.522847 0.431458 0.518185 0.431769 0.512900 0.420267 0.507927
0 0.601803 0.403171 0.598073 0.404725 0.593721 0.408455 0.590612 0.410631 0.589058 0.416537 0.591545 0.419646 0.597451 0.419646 0.602114 0.414672 0.604911 0.408455 0.605533 0.404725
0 0.767796 0.521915 0.758781 0.521915 0.755051 0.525645 0.757227 0.531551 0.762512 0.531862 0.769039 0.530929 0.772148 0.529375 0.773081 0.523469
0 0.819397 0.318309 0.814113 0.320174 0.811626 0.323283 0.821573 0.328567 0.831831 0.331054 0.839291 0.331054 0.839291 0.326391 0.833385 0.323283 0.830277 0.320174
0 0.683556 0.186820 0.681691 0.190239 0.683245 0.194280 0.687286 0.196456 0.705626 0.199565 0.708113 0.192726 0.708735 0.185266 0.705626 0.181536 0.692882 0.182157
0 0.682002 0.250855 0.674541 0.255518 0.674541 0.263600 0.679515 0.269506 0.686975 0.265154 0.691016 0.260491 0.695368 0.251787 0.699720 0.244016 0.701274 0.238421 0.693814 0.236867 0.686975 0.242773
0 0.687286 0.315200 0.678272 0.317376 0.674541 0.316755 0.662418 0.315822 0.658067 0.316444 0.656512 0.320485 0.670811 0.323593 0.682624 0.324837 0.694436 0.323283 0.701896 0.320174 0.703450 0.314268 0.702829 0.309294
0 0.538390 0.179981 0.536214 0.188063 0.534660 0.197700 0.534660 0.205160 0.536836 0.210755 0.541498 0.210445 0.544296 0.207647 0.547404 0.196456 0.547404 0.186509 0.547404 0.178427 0.540877 0.175629
0 0.560771 0.256139 0.556419 0.258937 0.555486 0.263600 0.556419 0.265776 0.561082 0.265154 0.563879 0.264532 0.567610 0.260491 0.568231 0.255518 0.564812 0.253963
0 0.513211 0.126826 0.507305 0.130556 0.505440 0.135841 0.504818 0.138949 0.507927 0.141125 0.511657 0.140504 0.516630 0.136463 0.522847 0.133043 0.526578 0.129935 0.528132 0.125272 0.522226 0.123407 0.519117 0.123407
0 0.330121 0.165993 0.324215 0.171588 0.325459 0.177184 0.330743 0.179360 0.336027 0.179981 0.343488 0.178427 0.350326 0.170345 0.353435 0.165682 0.346596 0.160398 0.340379 0.160709 0.336027 0.160709
0 0.376438 0.193348 0.375816 0.198011 0.375505 0.206093 0.375816 0.212310 0.377681 0.218216 0.379546 0.220392 0.386696 0.215107 0.386074 0.201741 0.381411 0.189618 0.379546 0.186820
0 0.174075 0.290643 0.177805 0.290643 0.180603 0.289089 0.183090 0.285981 0.186820 0.282872 0.192104 0.278520 0.195835 0.273547 0.195835 0.268262 0.190239 0.267330 0.181536 0.273236 0.177184 0.276966 0.174075 0.281007 0.172521 0.284426 0.171588 0.288157
0 0.248679 0.306808 0.247746 0.308362 0.247746 0.311470 0.248057 0.314579 0.251477 0.317998 0.253963 0.320174 0.257072 0.320485 0.262667 0.321107 0.266086 0.315200 0.255207 0.305564 0.253031 0.305253
0 0.206093 0.336960 0.203295 0.339758 0.205160 0.344109 0.208269 0.346596 0.210445 0.347840 0.215729 0.340690 0.214486 0.337582 0.211377 0.336649
0 0.442027 0.440783 0.443581 0.447311 0.448244 0.451041 0.451974 0.451663 0.459434 0.450420 0.460056 0.444203 0.456326 0.437675 0.452596 0.435188
0 0.218527 0.624184 0.218443 0.624912 0.218195 0.625612 0.217793 0.626256 0.217252 0.626822 0.216592 0.627286 0.215840 0.627630 0.215024 0.627843 0.214175 0.627914 0.213326 0.627843 0.212509 0.627630 0.211757 0.627286 0.211097 0.626822 0.210556 0.626256 0.210154 0.625612 0.209906 0.624912 0.209823 0.624184 0.209906 0.623456 0.210154 0.622757 0.210556 0.622112 0.211097 0.621546 0.211757 0.621082 0.212509 0.620738 0.213326 0.620526 0.214175 0.620454 0.215024 0.620526 0.215840 0.620738 0.216592 0.621082 0.217252 0.621546 0.217793 0.622112 0.218195 0.622757 0.218443 0.623456
0 0.409388 0.662729 0.409304 0.663578 0.409056 0.664395 0.408654 0.665147 0.408113 0.665806 0.407454 0.666348 0.406701 0.666750 0.405885 0.666998 0.405036 0.667081 0.404187 0.666998 0.403370 0.666750 0.402618 0.666348 0.401959 0.665806 0.401417 0.665147 0.401015 0.664395 0.400767 0.663578 0.400684 0.662729 0.400767 0.661880 0.401015 0.661064 0.401417 0.660311 0.401959 0.659652 0.402618 0.659111 0.403370 0.658709 0.404187 0.658461 0.405036 0.658377 0.405885 0.658461 0.406701 0.658709 0.407454 0.659111 0.408113 0.659652 0.408654 0.660311 0.409056 0.661064 0.409304 0.661880
0 0.402238 0.668325 0.402196 0.668810 0.402072 0.669276 0.401871 0.669706 0.401601 0.670083 0.401271 0.670392 0.400895 0.670622 0.400487 0.670764 0.400062 0.670811 0.399638 0.670764 0.399229 0.670622 0.398853 0.670392 0.398524 0.670083 0.398253 0.669706 0.398052 0.669276 0.397928 0.668810 0.397886 0.668325 0.397928 0.667839 0.398052 0.667373 0.398253 0.666943 0.398524 0.666566 0.398853 0.666257 0.399229 0.666027 0.399638 0.665886 0.400062 0.665838 0.400487 0.665886 0.400895 0.666027 0.401271 0.666257 0.401601 0.666566 0.401871 0.666943 0.402072 0.667373 0.402196 0.667839
0 0.445135 0.621076 0.445070 0.621743 0.444875 0.622384 0.444559 0.622975 0.444134 0.623493 0.443616 0.623919 0.443024 0.624235 0.442383 0.624429 0.441716 0.624495 0.441049 0.624429 0.440407 0.624235 0.439816 0.623919 0.439298 0.623493 0.438873 0.622975 0.438557 0.622384 0.438362 0.621743 0.438297 0.621076 0.438362 0.620408 0.438557 0.619767 0.438873 0.619176 0.439298 0.618658 0.439816 0.618232 0.440407 0.617916 0.441049 0.617722 0.441716 0.617656 0.442383 0.617722 0.443024 0.617916 0.443616 0.618232 0.444134 0.618658 0.444559 0.619176 0.444875 0.619767 0.445070 0.620408
0 0.232515 0.742617 0.232443 0.743345 0.232231 0.744045 0.231886 0.744690 0.231422 0.745255 0.230857 0.745719 0.230212 0.746064 0.229512 0.746276 0.228785 0.746348 0.228057 0.746276 0.227357 0.746064 0.226712 0.745719 0.226147 0.745255 0.225683 0.744690 0.225338 0.744045 0.225126 0.743345 0.225054 0.742617 0.225126 0.741890 0.225338 0.741190 0.225683 0.740545 0.226147 0.739980 0.226712 0.739516 0.227357 0.739171 0.228057 0.738959 0.228785 0.738887 0.229512 0.738959 0.230212 0.739171 0.230857 0.739516 0.231422 0.739980 0.231886 0.740545 0.232231 0.741190 0.232443 0.741890
0 0.312092 0.757849 0.312020 0.758698 0.311808 0.759514 0.311463 0.760267 0.310999 0.760926 0.310434 0.761467 0.309789 0.761870 0.309090 0.762117 0.308362 0.762201 0.307634 0.762117 0.306934 0.761870 0.306289 0.761467 0.305724 0.760926 0.305260 0.760267 0.304916 0.759514 0.304703 0.758698 0.304632 0.757849 0.304703 0.757000 0.304916 0.756184 0.305260 0.755431 0.305724 0.754772 0.306289 0.754230 0.306934 0.753828 0.307634 0.753581 0.308362 0.753497 0.309090 0.753581 0.309789 0.753828 0.310434 0.754230 0.310999 0.754772 0.311463 0.755431 0.311808 0.756184 0.312020 0.757000
0 0.468449 0.853590 0.468359 0.855228 0.468094 0.856802 0.467663 0.858253 0.467083 0.859525 0.466377 0.860569 0.465570 0.861344 0.464696 0.861822 0.463786 0.861983 0.462876 0.861822 0.462002 0.861344 0.461196 0.860569 0.460489 0.859525 0.459909 0.858253 0.459478 0.856802 0.459213 0.855228 0.459123 0.853590 0.459213 0.851953 0.459478 0.850378 0.459909 0.848927 0.460489 0.847656 0.461196 0.846612 0.462002 0.845836 0.462876 0.845359 0.463786 0.845197 0.464696 0.845359 0.465570 0.845836 0.466377 0.846612 0.467083 0.847656 0.467663 0.848927 0.468094 0.850378 0.468359 0.851953
0 0.482437 0.760647 0.482347 0.761981 0.482082 0.763264 0.481651 0.764446 0.481071 0.765482 0.480365 0.766333 0.479559 0.766965 0.478684 0.767354 0.477774 0.767485 0.476865 0.767354 0.475990 0.766965 0.475184 0.766333 0.474477 0.765482 0.473897 0.764446 0.473467 0.763264 0.473201 0.761981 0.473112 0.760647 0.473201 0.759312 0.473467 0.758030 0.473897 0.756847 0.474477 0.755811 0.475184 0.754960 0.475990 0.754328 0.476865 0.753939 0.477774 0.753808 0.478684 0.753939 0.479559 0.754328 0.480365 0.754960 0.481071 0.755811 0.481651 0.756847 0.482082 0.758030 0.482347 0.759312
0 0.564812 0.777122 0.564567 0.778092 0.563842 0.779025 0.562664 0.779885 0.561079 0.780638 0.559148 0.781257 0.556944 0.781717 0.554554 0.782000 0.552067 0.782095 0.549581 0.782000 0.547190 0.781717 0.544987 0.781257 0.543055 0.780638 0.541470 0.779885 0.540292 0.779025 0.539567 0.778092 0.539322 0.777122 0.539567 0.776151 0.540292 0.775218 0.541470 0.774358 0.543055 0.773605 0.544987 0.772986 0.547190 0.772527 0.549581 0.772244 0.552067 0.772148 0.554554 0.772244 0.556944 0.772527 0.559148 0.772986 0.561079 0.773605 0.562664 0.774358 0.563842 0.775218 0.564567 0.776151
0 0.327945 0.389493 0.327820 0.390585 0.327448 0.391635 0.326845 0.392602 0.326033 0.393450 0.325044 0.394146 0.323916 0.394663 0.322691 0.394981 0.321417 0.395089 0.320144 0.394981 0.318919 0.394663 0.317791 0.394146 0.316802 0.393450 0.315990 0.392602 0.315387 0.391635 0.315015 0.390585 0.314890 0.389493 0.315015 0.388402 0.315387 0.387352 0.315990 0.386385 0.316802 0.385537 0.317791 0.384841 0.318919 0.384324 0.320144 0.384006 0.321417 0.383898 0.322691 0.384006 0.323916 0.384324 0.325044 0.384841 0.326033 0.385537 0.326845 0.386385 0.327448 0.387352 0.327820 0.388402
0 0.330121 0.379546 0.330026 0.380516 0.329743 0.381449 0.329283 0.382309 0.328665 0.383063 0.327911 0.383682 0.327051 0.384141 0.326118 0.384424 0.325148 0.384520 0.324177 0.384424 0.323244 0.384141 0.322384 0.383682 0.321631 0.383063 0.321012 0.382309 0.320553 0.381449 0.320270 0.380516 0.320174 0.379546 0.320270 0.378576 0.320553 0.377643 0.321012 0.376783 0.321631 0.376029 0.322384 0.375411 0.323244 0.374951 0.324177 0.374668 0.325148 0.374573 0.326118 0.374668 0.327051 0.374951 0.327911 0.375411 0.328665 0.376029 0.329283 0.376783 0.329743 0.377643 0.330026 0.378576
0 0.504271 0.115506 0.504187 0.114546 0.504438 0.113533 0.505014 0.112505 0.505893 0.111502 0.507042 0.110562 0.508416 0.109722 0.509962 0.109013 0.511621 0.108463 0.513329 0.108094 0.515020 0.107918 0.516631 0.107944 0.518097 0.108169 0.519365 0.108586 0.520383 0.109179 0.521114 0.109923 0.521530 0.110792 0.521614 0.111752 0.521363 0.112765 0.520786 0.113792 0.519907 0.114796 0.518758 0.115735 0.517385 0.116576 0.515839 0.117285 0.514180 0.117834 0.512472 0.118204 0.510780 0.118380 0.509170 0.118354 0.507703 0.118128 0.506436 0.117711 0.505417 0.117119 0.504686 0.116374
0 0.505751 0.120920 0.505685 0.121405 0.505490 0.121872 0.505174 0.122302 0.504749 0.122679 0.504231 0.122988 0.503640 0.123218 0.502998 0.123359 0.502331 0.123407 0.501664 0.123359 0.501023 0.123218 0.500432 0.122988 0.499914 0.122679 0.499488 0.122302 0.499172 0.121872 0.498978 0.121405 0.498912 0.120920 0.498978 0.120435 0.499172 0.119968 0.499488 0.119539 0.499914 0.119162 0.500432 0.118852 0.501023 0.118623 0.501664 0.118481 0.502331 0.118433 0.502998 0.118481 0.503640 0.118623 0.504231 0.118852 0.504749 0.119162 0.505174 0.119539 0.505490 0.119968 0.505685 0.120435
0 0.663351 0.361828 0.662951 0.365709 0.661766 0.369441 0.659841 0.372880 0.657251 0.375895 0.654095 0.378369 0.650494 0.380208 0.646587 0.381340 0.642524 0.381722 0.638461 0.381340 0.634554 0.380208 0.630953 0.378369 0.627797 0.375895 0.625207 0.372880 0.623283 0.369441 0.622097 0.365709 0.621697 0.361828 0.622097 0.357947 0.623283 0.354215 0.625207 0.350775 0.627797 0.347760 0.630953 0.345286 0.634554 0.343448 0.638461 0.342316 0.642524 0.341933 0.646587 0.342316 0.650494 0.343448 0.654095 0.345286 0.657251 0.347760 0.659841 0.350775 0.661766 0.354215 0.662951 0.357947
0 0.668325 0.208269 0.668229 0.209421 0.667946 0.210529 0.667486 0.211550 0.666868 0.212445 0.666114 0.213179 0.665254 0.213725 0.664321 0.214061 0.663351 0.214175 0.662381 0.214061 0.661448 0.213725 0.660588 0.213179 0.659834 0.212445 0.659216 0.211550 0.658756 0.210529 0.658473 0.209421 0.658377 0.208269 0.658473 0.207116 0.658756 0.206008 0.659216 0.204987 0.659834 0.204092 0.660588 0.203358 0.661448 0.202812 0.662381 0.202476 0.663351 0.202362 0.664321 0.202476 0.665254 0.202812 0.666114 0.203358 0.666868 0.204092 0.667486 0.204987 0.667946 0.206008 0.668229 0.207116
0 0.703140 0.497979 0.703068 0.498647 0.702856 0.499288 0.702511 0.499879 0.702047 0.500397 0.701482 0.500823 0.700837 0.501139 0.700137 0.501333 0.699409 0.501399 0.698682 0.501333 0.697982 0.501139 0.697337 0.500823 0.696772 0.500397 0.696308 0.499879 0.695963 0.499288 0.695751 0.498647 0.695679 0.497979 0.695751 0.497312 0.695963 0.496671 0.696308 0.496080 0.696772 0.495562 0.697337 0.495136 0.697982 0.494820 0.698682 0.494626 0.699409 0.494560 0.700137 0.494626 0.700837 0.494820 0.701482 0.495136 0.702047 0.495562 0.702511 0.496080 0.702856 0.496671 0.703068 0.497312
0 0.694747 0.493006 0.694699 0.493491 0.694557 0.493958 0.694328 0.494387 0.694018 0.494764 0.693641 0.495074 0.693212 0.495303 0.692745 0.495445 0.692260 0.495493 0.691775 0.495445 0.691308 0.495303 0.690878 0.495074 0.690501 0.494764 0.690192 0.494387 0.689962 0.493958 0.689821 0.493491 0.689773 0.493006 0.689821 0.492521 0.689962 0.492054 0.690192 0.491624 0.690501 0.491247 0.690878 0.490938 0.691308 0.490708 0.691775 0.490567 0.692260 0.490519 0.692745 0.490567 0.693212 0.490708 0.693641 0.490938 0.694018 0.491247 0.694328 0.491624 0.694557 0.492054 0.694699 0.492521
0 0.679153 0.803365 0.678612 0.804134 0.677844 0.804748 0.676877 0.805185 0.675749 0.805428 0.674502 0.805466 0.673186 0.805299 0.671849 0.804934 0.670545 0.804383 0.669323 0.803669 0.668229 0.802819 0.667306 0.801865 0.666590 0.800844 0.666108 0.799796 0.665878 0.798760 0.665909 0.797777 0.666200 0.796883 0.666740 0.796115 0.667509 0.795500 0.668476 0.795063 0.669604 0.794821 0.670851 0.794783 0.672167 0.794949 0.673503 0.795315 0.674808 0.795865 0.676030 0.796579 0.677124 0.797430 0.678047 0.798384 0.678763 0.799404 0.679245 0.800453 0.679475 0.801489 0.679444 0.802472
0 0.650606 0.817843 0.650499 0.820087 0.650180 0.822244 0.649663 0.824233 0.648967 0.825975 0.648119 0.827406 0.647152 0.828469 0.646102 0.829123 0.645011 0.829344 0.643919 0.829123 0.642870 0.828469 0.641902 0.827406 0.641054 0.825975 0.640359 0.824233 0.639842 0.822244 0.639523 0.820087 0.639416 0.817843 0.639523 0.815599 0.639842 0.813441 0.640359 0.811453 0.641054 0.809710 0.641902 0.808280 0.642870 0.807217 0.643919 0.806562 0.645011 0.806341 0.646102 0.806562 0.647152 0.807217 0.648119 0.808280 0.648967 0.809710 0.649663 0.811453 0.650180 0.813441 0.650499 0.815599
0 0.300280 0.670190 0.300154 0.671342 0.299783 0.672450 0.299180 0.673471 0.298368 0.674366 0.297379 0.675100 0.296250 0.675646 0.295025 0.675982 0.293752 0.676096 0.292478 0.675982 0.291254 0.675646 0.290125 0.675100 0.289136 0.674366 0.288324 0.673471 0.287721 0.672450 0.287350 0.671342 0.287224 0.670190 0.287350 0.669037 0.287721 0.667929 0.288324 0.666908 0.289136 0.666013 0.290125 0.665279 0.291254 0.664733 0.292478 0.664397 0.293752 0.664283 0.295025 0.664397 0.296250 0.664733 0.297379 0.665279 0.298368 0.666013 0.299180 0.666908 0.299783 0.667929 0.300154 0.669037
0 0.862605 0.511035 0.862515 0.512127 0.862250 0.513176 0.861819 0.514144 0.861239 0.514992 0.860533 0.515687 0.859727 0.516204 0.858852 0.516523 0.857942 0.516630 0.857033 0.516523 0.856158 0.516204 0.855352 0.515687 0.854645 0.514992 0.854065 0.514144 0.853634 0.513176 0.853369 0.512127 0.853279 0.511035 0.853369 0.509944 0.853634 0.508894 0.854065 0.507927 0.854645 0.507079 0.855352 0.506383 0.856158 0.505866 0.857033 0.505547 0.857942 0.505440 0.858852 0.505547 0.859727 0.505866 0.860533 0.506383 0.861239 0.507079 0.861819 0.507927 0.862250 0.508894 0.862515 0.509944
0 0.853590 0.515076 0.853525 0.516046 0.853330 0.516979 0.853014 0.517839 0.852589 0.518593 0.852071 0.519212 0.851479 0.519671 0.850838 0.519954 0.850171 0.520050 0.849504 0.519954 0.848862 0.519671 0.848271 0.519212 0.847753 0.518593 0.847328 0.517839 0.847012 0.516979 0.846817 0.516046 0.846752 0.515076 0.846817 0.514106 0.847012 0.513173 0.847328 0.512313 0.847753 0.511559 0.848271 0.510941 0.848862 0.510481 0.849504 0.510198 0.850171 0.510103 0.850838 0.510198 0.851479 0.510481 0.852071 0.510941 0.852589 0.511559 0.853014 0.512313 0.853330 0.513173 0.853525 0.514106
0 0.345341 0.794529 0.345276 0.795693 0.345082 0.796811 0.344767 0.797842 0.344343 0.798746 0.343827 0.799488 0.343238 0.800039 0.342598 0.800378 0.341933 0.800493 0.341269 0.800378 0.340629 0.800039 0.340040 0.799488 0.339524 0.798746 0.339100 0.797842 0.338785 0.796811 0.338591 0.795693 0.338526 0.794529 0.338591 0.793366 0.338785 0.792247 0.339100 0.791216 0.339524 0.790312 0.340040 0.789570 0.340629 0.789019 0.341269 0.788680 0.341933 0.788565 0.342598 0.788680 0.343238 0.789019 0.343827 0.789570 0.344343 0.790312 0.344767 0.791216 0.345082 0.792247 0.345276 0.793366
0 0.239975 0.735157 0.239915 0.735763 0.239739 0.736347 0.239451 0.736884 0.239065 0.737355 0.238594 0.737742 0.238056 0.738029 0.237473 0.738206 0.236867 0.738265 0.236260 0.738206 0.235677 0.738029 0.235140 0.737742 0.234669 0.737355 0.234282 0.736884 0.233995 0.736347 0.233818 0.735763 0.233758 0.735157 0.233818 0.734551 0.233995 0.733967 0.234282 0.733430 0.234669 0.732959 0.235140 0.732572 0.235677 0.732285 0.236260 0.732108 0.236867 0.732048 0.237473 0.732108 0.238056 0.732285 0.238594 0.732572 0.239065 0.732959 0.239451 0.733430 0.239739 0.733967 0.239915 0.734551
0 0.621697 0.466895 0.621649 0.467440 0.621508 0.467965 0.621278 0.468449 0.620969 0.468873 0.620592 0.469221 0.620162 0.469479 0.619696 0.469639 0.619210 0.469692 0.618725 0.469639 0.618259 0.469479 0.617829 0.469221 0.617452 0.468873 0.617143 0.468449 0.616913 0.467965 0.616771 0.467440 0.616724 0.466895 0.616771 0.466349 0.616913 0.465824 0.617143 0.465340 0.617452 0.464916 0.617829 0.464568 0.618259 0.464310 0.618725 0.464151 0.619210 0.464097 0.619696 0.464151 0.620162 0.464310 0.620592 0.464568 0.620969 0.464916 0.621278 0.465340 0.621508 0.465824 0.621649 0.466349
0 0.623873 0.403171 0.623819 0.403838 0.623660 0.404479 0.623402 0.405070 0.623054 0.405588 0.622630 0.406014 0.622146 0.406330 0.621621 0.406524 0.621076 0.406590 0.620530 0.406524 0.620005 0.406330 0.619521 0.406014 0.619097 0.405588 0.618749 0.405070 0.618491 0.404479 0.618332 0.403838 0.618278 0.403171 0.618332 0.402504 0.618491 0.401862 0.618749 0.401271 0.619097 0.400753 0.619521 0.400328 0.620005 0.400012 0.620530 0.399817 0.621076 0.399751 0.621621 0.399817 0.622146 0.400012 0.622630 0.400328 0.623054 0.400753 0.623402 0.401271 0.623660 0.401862 0.623819 0.402504
