0 0.210755 0.243394 0.207025 0.245260 0.202984 0.248057 0.201430 0.251787 0.199876 0.255518 0.199254 0.259248 0.199254 0.261424 0.198943 0.263910 0.200808 0.265154 0.202052 0.265154 0.203917 0.264843 0.206093 0.263289 0.207958 0.262667 0.210134 0.260491 0.212310 0.259559 0.212310 0.255828 0.213553 0.253342 0.215729 0.252720 0.218527 0.251787 0.221946 0.249922 0.226919 0.241840 0.223500 0.239975 0.217594 0.240908 0.215418 0.242151 0.210445 0.244016
0 0.135219 0.406590 0.129624 0.408455 0.125583 0.412185 0.123407 0.415605 0.121542 0.419646 0.119677 0.425241 0.119677 0.428971 0.121542 0.432390 0.124339 0.430525 0.127137 0.428349 0.127759 0.424930 0.132111 0.419956 0.138017 0.417470 0.144234 0.416537 0.148275 0.410942 0.148275 0.407212 0.145477 0.405347 0.141436 0.405347 0.135219 0.406590
0 0.217905 0.294374 0.214175 0.295306 0.212620 0.298415 0.214175 0.300591 0.215729 0.304321 0.218216 0.310227 0.221013 0.312092 0.223500 0.312092 0.228474 0.308362 0.231582 0.304010 0.226919 0.295306 0.216972 0.294374
0 0.328256 0.265465 0.327013 0.270127 0.327013 0.274790 0.329189 0.280075 0.330743 0.283183 0.331675 0.287846 0.330121 0.294995 0.328567 0.299036 0.327634 0.305564 0.327324 0.310227 0.328567 0.315511 0.330432 0.316755 0.336649 0.315511 0.338203 0.314579 0.338514 0.307740 0.338203 0.304010 0.342244 0.301523 0.354678 0.299969 0.359030 0.299347 0.362139 0.299036 0.369910 0.292198 0.371464 0.288468 0.374573 0.280075 0.374262 0.272614 0.367734 0.271682 0.363382 0.272614 0.342866 0.263910 0.334473 0.263289 0.328567 0.265465
0 0.329500 0.338514 0.327324 0.340068 0.325769 0.341933 0.326080 0.345353 0.327945 0.348150 0.332297 0.349394 0.334162 0.345975 0.335717 0.342244 0.332919 0.337582 0.329189 0.338514
0 0.274168 0.437675 0.271060 0.440472 0.271682 0.444203 0.271682 0.447622 0.271993 0.453528 0.274790 0.457258 0.279142 0.459434 0.284426 0.459434 0.288157 0.448244 0.287846 0.444203 0.282251 0.440472 0.274168 0.437675
0 0.137395 0.624806 0.142680 0.629468 0.147342 0.629779 0.147964 0.624184 0.147653 0.617345 0.146410 0.612993 0.140814 0.609885 0.134908 0.610507 0.133354 0.615169 0.135219 0.620454 0.137395 0.625117
0 0.185887 0.625427 0.182779 0.629158 0.183090 0.632266 0.187131 0.635064 0.192104 0.635375 0.194902 0.630090 0.194280 0.624806 0.191483 0.622008 0.188374 0.622008 0.184955 0.626671
0 0.237799 0.765620 0.239043 0.772148 0.241529 0.777122 0.245260 0.777432 0.249922 0.774635 0.251787 0.769972 0.253963 0.765620 0.254274 0.760336 0.251787 0.756606 0.248990 0.754430 0.244638 0.751943 0.240286 0.751943 0.239043 0.755051 0.239043 0.759403 0.237799 0.765931
0 0.407212 0.830277 0.404725 0.832763 0.402860 0.836804 0.402860 0.840535 0.402860 0.844576 0.403482 0.848306 0.404414 0.850793 0.405657 0.853590 0.408455 0.857942 0.410942 0.860429 0.415294 0.860740 0.418402 0.855145 0.418402 0.849549 0.418402 0.844265 0.415915 0.836804 0.412496 0.831520 0.406901 0.830277
0 0.521915 0.767485 0.519428 0.764998 0.516009 0.765620 0.515387 0.769661 0.516009 0.774946 0.513211 0.779297 0.502331 0.794529 0.495804 0.797638 0.496736 0.802611 0.504507 0.802611 0.511968 0.798570 0.520671 0.790488 0.524402 0.783960 0.528132 0.774013 0.525023 0.769350 0.521604 0.767485
0 0.435188 0.740131 0.431458 0.740752 0.428349 0.744172 0.427417 0.746969 0.429904 0.751632 0.431458 0.753497 0.433323 0.754119 0.436742 0.753186 0.440783 0.748523 0.440783 0.744172 0.438918 0.740752 0.434566 0.740131
0 0.441716 0.567610 0.437053 0.570718 0.431458 0.579422 0.428039 0.588126 0.430525 0.593410 0.435499 0.599938 0.441094 0.599938 0.449487 0.594964 0.454772 0.592477 0.459434 0.586882 0.464408 0.581909 0.460988 0.569786 0.455082 0.564812 0.451041 0.563569 0.446689 0.564501 0.441716 0.567610
0 0.495182 0.597140 0.489897 0.595586 0.488965 0.597451 0.486789 0.600870 0.484613 0.603979 0.481505 0.608020 0.481815 0.613926 0.482126 0.615480 0.484613 0.615791 0.487411 0.613926 0.489587 0.612683 0.493006 0.612061 0.500466 0.608952 0.505440 0.608331 0.509792 0.608952 0.514454 0.603979 0.514765 0.599316 0.508548 0.597762 0.505129 0.599938 0.497669 0.597451 0.494560 0.597140
0 0.529686 0.567610 0.528132 0.575381 0.529686 0.582219 0.534660 0.587504 0.540877 0.587504 0.548026 0.587815 0.554554 0.584395 0.557973 0.579111 0.561082 0.572583 0.560149 0.567610 0.548026 0.559838 0.541498 0.561082 0.535281 0.563569 0.530619 0.566988 0.529375 0.567920
0 0.390737 0.555797 0.386696 0.557973 0.385452 0.562325 0.385763 0.564812 0.390115 0.567610 0.393534 0.567610 0.399440 0.560771 0.397265 0.558284 0.393534 0.556419 0.390426 0.556419
0 0.592167 0.545850 0.586882 0.547094 0.584706 0.549891 0.584706 0.553932 0.586882 0.556730 0.589991 0.557352 0.592788 0.555486 0.596518 0.552067 0.597762 0.547404 0.591545 0.545850
0 0.589680 0.529064 0.587193 0.530619 0.587504 0.534038 0.587504 0.536525 0.590302 0.536525 0.591856 0.535903 0.593099 0.534970 0.595275 0.531862 0.594343 0.529375 0.591545 0.528132 0.589058 0.529064
0 0.589058 0.817843 0.586882 0.820329 0.585639 0.824681 0.585639 0.828101 0.586882 0.831520 0.589369 0.832763 0.591856 0.831831 0.594343 0.827479 0.595586 0.823438 0.595586 0.817843 0.592477 0.815667 0.589058 0.818464
0 0.617035 0.835561 0.611439 0.840224 0.605844 0.841778 0.600249 0.841778 0.597140 0.842400 0.597451 0.847373 0.601803 0.849860 0.608020 0.851414 0.611439 0.851414 0.617967 0.848928 0.621697 0.844576 0.625427 0.840846 0.626049 0.839913 0.627914 0.837737 0.629158 0.834629 0.624184 0.831520 0.616724 0.835872
0 0.609574 0.810382 0.607087 0.812247 0.607087 0.814423 0.608952 0.815356 0.609885 0.815356 0.612061 0.814734 0.612683 0.813491 0.612683 0.811004 0.609574 0.810071
0 0.769661 0.718060 0.764688 0.720858 0.764377 0.724899 0.770905 0.733292 0.774013 0.735157 0.777432 0.735779 0.781784 0.734535 0.782406 0.732981 0.784271 0.728940 0.784271 0.725210 0.782406 0.721480 0.780541 0.720236 0.773081 0.718060 0.770594 0.718060 0.769039 0.718060
0 0.751010 0.714019 0.750699 0.715574 0.753186 0.719304 0.754430 0.719615 0.756916 0.719615 0.759092 0.718060 0.760025 0.715574 0.762823 0.713087 0.764377 0.712154 0.764688 0.707802 0.761890 0.706559 0.755051 0.709357 0.751010 0.714019
0 0.675474 0.665838 0.673298 0.669257 0.673298 0.671744 0.679515 0.674231 0.684800 0.676407 0.690706 0.673920 0.688219 0.669879 0.684178 0.667392 0.677961 0.665527 0.675474 0.666459
0 0.842711 0.537768 0.836804 0.536836 0.835561 0.542120 0.834939 0.547404 0.836804 0.553311 0.842711 0.552067 0.846441 0.551756 0.849860 0.548337 0.853590 0.546472 0.855455 0.543053 0.851414 0.539322 0.845819 0.537768 0.842711 0.537768
0 0.825303 0.353124 0.820951 0.354367 0.817221 0.354367 0.814423 0.356854 0.815356 0.360895 0.820640 0.364004 0.830588 0.366801 0.839602 0.367734 0.844887 0.368045 0.845197 0.361828 0.841778 0.357787 0.835250 0.354367 0.827479 0.352813 0.824681 0.353124
0 0.620454 0.375194 0.618589 0.384520 0.621076 0.397886 0.624495 0.399440 0.635375 0.400373 0.645322 0.384520 0.645633 0.377370 0.641592 0.371775 0.620143 0.375505
0 0.671122 0.326391 0.668325 0.329189 0.666459 0.334473 0.666459 0.344420 0.670190 0.348461 0.682313 0.351259 0.691016 0.346285 0.699409 0.341312 0.709667 0.336649 0.713087 0.332297 0.711843 0.327945 0.707491 0.327945 0.698477 0.331986 0.692882 0.332297 0.680758 0.328878 0.675163 0.327634 0.670811 0.326391
0 0.699409 0.262978 0.694125 0.266086 0.691016 0.271060 0.686043 0.276655 0.685421 0.281940 0.686665 0.285981 0.689151 0.288468 0.694747 0.289711 0.707491 0.282251 0.712465 0.272925 0.713398 0.268262 0.709978 0.262356 0.703450 0.261424 0.699409 0.262978
0 0.720236 0.201741 0.715263 0.202984 0.711843 0.204849 0.711222 0.210134 0.709357 0.216972 0.705937 0.219770 0.705316 0.226298 0.711222 0.228163 0.720858 0.226609 0.726453 0.223500 0.737333 0.209512 0.735779 0.205160 0.725832 0.202052 0.720236 0.201741
0 0.705316 0.196456 0.708113 0.195213 0.711532 0.193659 0.712776 0.190550 0.708113 0.189929 0.700653 0.195213 0.700031 0.197078 0.702829 0.197700 0.705626 0.196456
0 0.557973 0.186509 0.555176 0.193348 0.554554 0.199876 0.555176 0.213242 0.560460 0.216040 0.572583 0.205471 0.572894 0.200497 0.571340 0.189929 0.571029 0.184333 0.562947 0.182468 0.557662 0.186509
0 0.556419 0.121853 0.552067 0.122474 0.548337 0.124029 0.543985 0.125583 0.541498 0.127448 0.538079 0.130246 0.537768 0.133976 0.539012 0.137706 0.543053 0.137706 0.549580 0.132111 0.553932 0.131800 0.560771 0.131489 0.564501 0.130867 0.566988 0.129624 0.567920 0.125894 0.565434 0.122785 0.561082 0.121853 0.556108 0.121853
0 0.539633 0.109419 0.535592 0.112527 0.534038 0.115325 0.535903 0.118433 0.540877 0.118122 0.544918 0.117501 0.550513 0.113460 0.549270 0.110662 0.544918 0.108797 0.539012 0.109730
0 0.511035 0.227541 0.507927 0.224433 0.502331 0.223189 0.498912 0.226298 0.497047 0.229717 0.496425 0.235002 0.498912 0.239975 0.502642 0.242151 0.506994 0.243084 0.510413 0.241840 0.513522 0.239664 0.515076 0.234380 0.513833 0.229717 0.510413 0.227230
0 0.404103 0.193037 0.402549 0.196456 0.400995 0.200497 0.401927 0.206403 0.404414 0.211377 0.409077 0.214486 0.414361 0.213553 0.416537 0.210755 0.416537 0.203917 0.415294 0.199565 0.413118 0.194591 0.408455 0.192415 0.404103 0.193037
0 0.357165 0.142369 0.353746 0.147342 0.352191 0.151694 0.351570 0.155424 0.351881 0.158844 0.355300 0.160709 0.359963 0.157600 0.361828 0.153248 0.367734 0.150451 0.371153 0.147964 0.371153 0.142990 0.368356 0.138328 0.360895 0.139571 0.356854 0.142990
0 0.345353 0.142369 0.348150 0.139260 0.350637 0.137706 0.358098 0.132422 0.359963 0.129002 0.356543 0.125583 0.351881 0.125894 0.350016 0.129624 0.345975 0.130867 0.344109 0.133043 0.341623 0.137706 0.341312 0.141747 0.342866 0.144234 0.345353 0.141747
0 0.201430 0.238421 0.204228 0.236556 0.204538 0.233758 0.203295 0.231271 0.199876 0.231271 0.196767 0.233136 0.193970 0.235002 0.192415 0.236867 0.192726 0.239975 0.193659 0.241840 0.194902 0.242462 0.197078 0.241840 0.198943 0.240597 0.201741 0.238421
0 0.207025 0.228163 0.204849 0.230961 0.205782 0.232204 0.207025 0.233447 0.208579 0.233136 0.210445 0.232515 0.211377 0.231893 0.212310 0.230650 0.211999 0.228474 0.209201 0.227541 0.206714 0.228474
0 0.217283 0.226919 0.216972 0.228474 0.216972 0.229717 0.217594 0.230339 0.218837 0.230339 0.220081 0.230028 0.221013 0.228785 0.221013 0.227852 0.220081 0.226919 0.218837 0.226298 0.217905 0.226298 0.216972 0.226919
0 0.232515 0.227541 0.230961 0.229095 0.230961 0.230339 0.232204 0.231582 0.232515 0.231893 0.234069 0.232515 0.235312 0.232515 0.235934 0.233136 0.236556 0.233136 0.238732 0.233136 0.239043 0.233136 0.239664 0.232515 0.239664 0.231582 0.239664 0.230028 0.239353 0.229406 0.239043 0.228474 0.238110 0.228474 0.237177 0.227852 0.236556 0.227541 0.234380 0.227541 0.232515 0.227541 0.231893 0.227852
0 0.242151 0.231271 0.240597 0.231271 0.239043 0.232515 0.238421 0.233758 0.239664 0.234691 0.240908 0.235623 0.241840 0.236867 0.242462 0.237177 0.244016 0.238110 0.244949 0.239043 0.245881 0.239664 0.245881 0.239975 0.246503 0.239975 0.248057 0.239664 0.249301 0.238421 0.248679 0.235934 0.247125 0.232826 0.245260 0.231582 0.244016 0.231271
0 0.373951 0.254585 0.371153 0.253963 0.369288 0.254896 0.367734 0.257383 0.366180 0.258937 0.368356 0.263600 0.371775 0.262978 0.375816 0.261735 0.375194 0.256139 0.373951 0.254585
0 0.294063 0.398508 0.294009 0.398993 0.293850 0.399460 0.293591 0.399890 0.293243 0.400266 0.292819 0.400576 0.292336 0.400805 0.291811 0.400947 0.291265 0.400995 0.290719 0.400947 0.290195 0.400805 0.289711 0.400576 0.289287 0.400266 0.288939 0.399890 0.288680 0.399460 0.288521 0.398993 0.288468 0.398508 0.288521 0.398023 0.288680 0.397556 0.288939 0.397126 0.289287 0.396750 0.289711 0.396440 0.290195 0.396210 0.290719 0.396069 0.291265 0.396021 0.291811 0.396069 0.292336 0.396210 0.292819 0.396440 0.293243 0.396750 0.293591 0.397126 0.293850 0.397556 0.294009 0.398023
0 0.298726 0.400995 0.298672 0.401601 0.298513 0.402184 0.298254 0.402722 0.297906 0.403193 0.297482 0.403579 0.296998 0.403867 0.296474 0.404043 0.295928 0.404103 0.295382 0.404043 0.294857 0.403867 0.294374 0.403579 0.293950 0.403193 0.293602 0.402722 0.293343 0.402184 0.293184 0.401601 0.293130 0.400995 0.293184 0.400388 0.293343 0.399805 0.293602 0.399268 0.293950 0.398797 0.294374 0.398410 0.294857 0.398123 0.295382 0.397946 0.295928 0.397886 0.296474 0.397946 0.296998 0.398123 0.297482 0.398410 0.297906 0.398797 0.298254 0.399268 0.298513 0.399805 0.298672 0.400388
0 0.273547 0.406590 0.273356 0.408349 0.272790 0.410040 0.271870 0.411598 0.270633 0.412964 0.269126 0.414085 0.267406 0.414918 0.265540 0.415431 0.263600 0.415605 0.261659 0.415431 0.259793 0.414918 0.258073 0.414085 0.256566 0.412964 0.255329 0.411598 0.254410 0.410040 0.253844 0.408349 0.253652 0.406590 0.253844 0.404831 0.254410 0.403140 0.255329 0.401582 0.256566 0.400216 0.258073 0.399095 0.259793 0.398262 0.261659 0.397749 0.263600 0.397575 0.265540 0.397749 0.267406 0.398262 0.269126 0.399095 0.270633 0.400216 0.271870 0.401582 0.272790 0.403140 0.273356 0.404831
0 0.256139 0.519117 0.256020 0.520148 0.255666 0.521139 0.255092 0.522053 0.254318 0.522854 0.253376 0.523511 0.252301 0.523999 0.251135 0.524300 0.249922 0.524402 0.248709 0.524300 0.247543 0.523999 0.246468 0.523511 0.245526 0.522854 0.244753 0.522053 0.244179 0.521139 0.243825 0.520148 0.243705 0.519117 0.243825 0.518086 0.244179 0.517095 0.244753 0.516181 0.245526 0.515381 0.246468 0.514723 0.247543 0.514235 0.248709 0.513934 0.249922 0.513833 0.251135 0.513934 0.252301 0.514235 0.253376 0.514723 0.254318 0.515381 0.255092 0.516181 0.255666 0.517095 0.256020 0.518086
0 0.257072 0.507927 0.257030 0.508291 0.256906 0.508640 0.256705 0.508963 0.256434 0.509245 0.256105 0.509477 0.255729 0.509650 0.255320 0.509756 0.254896 0.509792 0.254471 0.509756 0.254063 0.509650 0.253687 0.509477 0.253357 0.509245 0.253087 0.508963 0.252886 0.508640 0.252762 0.508291 0.252720 0.507927 0.252762 0.507563 0.252886 0.507213 0.253087 0.506890 0.253357 0.506608 0.253687 0.506376 0.254063 0.506204 0.254471 0.506097 0.254896 0.506062 0.255320 0.506097 0.255729 0.506204 0.256105 0.506376 0.256434 0.506608 0.256705 0.506890 0.256906 0.507213 0.257030 0.507563
0 0.258626 0.511968 0.258578 0.512392 0.258437 0.512800 0.258207 0.513177 0.257898 0.513506 0.257521 0.513777 0.257091 0.513978 0.256624 0.514102 0.256139 0.514144 0.255654 0.514102 0.255188 0.513978 0.254758 0.513777 0.254381 0.513506 0.254072 0.513177 0.253842 0.512800 0.253700 0.512392 0.253652 0.511968 0.253700 0.511543 0.253842 0.511135 0.254072 0.510759 0.254381 0.510429 0.254758 0.510158 0.255188 0.509957 0.255654 0.509834 0.256139 0.509792 0.256624 0.509834 0.257091 0.509957 0.257521 0.510158 0.257898 0.510429 0.258207 0.510759 0.258437 0.511135 0.258578 0.511543
0 0.299347 0.566366 0.299156 0.568004 0.298590 0.569578 0.297671 0.571029 0.296434 0.572301 0.294926 0.573345 0.293207 0.574120 0.291341 0.574598 0.289400 0.574759 0.287459 0.574598 0.285593 0.574120 0.283874 0.573345 0.282366 0.572301 0.281129 0.571029 0.280210 0.569578 0.279644 0.568004 0.279453 0.566366 0.279644 0.564729 0.280210 0.563154 0.281129 0.561703 0.282366 0.560431 0.283874 0.559388 0.285593 0.558612 0.287459 0.558135 0.289400 0.557973 0.291341 0.558135 0.293207 0.558612 0.294926 0.559388 0.296434 0.560431 0.297671 0.561703 0.298590 0.563154 0.299156 0.564729
0 0.179049 0.581909 0.178995 0.582394 0.178836 0.582860 0.178577 0.583290 0.178229 0.583667 0.177805 0.583976 0.177322 0.584206 0.176797 0.584348 0.176251 0.584395 0.175705 0.584348 0.175181 0.584206 0.174697 0.583976 0.174273 0.583667 0.173925 0.583290 0.173666 0.582860 0.173507 0.582394 0.173454 0.581909 0.173507 0.581423 0.173666 0.580957 0.173925 0.580527 0.174273 0.580150 0.174697 0.579841 0.175181 0.579611 0.175705 0.579470 0.176251 0.579422 0.176797 0.579470 0.177322 0.579611 0.177805 0.579841 0.178229 0.580150 0.178577 0.580527 0.178836 0.580957 0.178995 0.581423
0 0.191172 0.580976 0.191058 0.581764 0.190722 0.582523 0.190177 0.583221 0.189442 0.583834 0.188547 0.584336 0.187526 0.584709 0.186418 0.584939 0.185266 0.585017 0.184114 0.584939 0.183006 0.584709 0.181985 0.584336 0.181090 0.583834 0.180355 0.583221 0.179809 0.582523 0.179473 0.581764 0.179360 0.580976 0.179473 0.580188 0.179809 0.579430 0.180355 0.578731 0.181090 0.578119 0.181985 0.577616 0.183006 0.577243 0.184114 0.577013 0.185266 0.576935 0.186418 0.577013 0.187526 0.577243 0.188547 0.577616 0.189442 0.578119 0.190177 0.578731 0.190722 0.579430 0.191058 0.580188
0 0.262356 0.641592 0.262308 0.642077 0.262167 0.642543 0.261937 0.642973 0.261628 0.643350 0.261251 0.643659 0.260821 0.643889 0.260355 0.644031 0.259869 0.644078 0.259384 0.644031 0.258918 0.643889 0.258488 0.643659 0.258111 0.643350 0.257802 0.642973 0.257572 0.642543 0.257430 0.642077 0.257383 0.641592 0.257430 0.641106 0.257572 0.640640 0.257802 0.640210 0.258111 0.639833 0.258488 0.639524 0.258918 0.639294 0.259384 0.639153 0.259869 0.639105 0.260355 0.639153 0.260821 0.639294 0.261251 0.639524 0.261628 0.639833 0.261937 0.640210 0.262167 0.640640 0.262308 0.641106
0 0.256139 0.641281 0.256074 0.641887 0.255879 0.642470 0.255563 0.643008 0.255138 0.643479 0.254620 0.643865 0.254028 0.644153 0.253387 0.644329 0.252720 0.644389 0.252053 0.644329 0.251411 0.644153 0.250820 0.643865 0.250302 0.643479 0.249877 0.643008 0.249561 0.642470 0.249366 0.641887 0.249301 0.641281 0.249366 0.640674 0.249561 0.640091 0.249877 0.639554 0.250302 0.639083 0.250820 0.638696 0.251411 0.638409 0.252053 0.638232 0.252720 0.638172 0.253387 0.638232 0.254028 0.638409 0.254620 0.638696 0.255138 0.639083 0.255563 0.639554 0.255879 0.640091 0.256074 0.640674
0 0.292198 0.644700 0.292156 0.645185 0.292032 0.645652 0.291831 0.646082 0.291560 0.646458 0.291231 0.646768 0.290854 0.646998 0.290446 0.647139 0.290022 0.647187 0.289597 0.647139 0.289189 0.646998 0.288813 0.646768 0.288483 0.646458 0.288213 0.646082 0.288011 0.645652 0.287888 0.645185 0.287846 0.644700 0.287888 0.644215 0.288011 0.643748 0.288213 0.643318 0.288483 0.642942 0.288813 0.642632 0.289189 0.642403 0.289597 0.642261 0.290022 0.642213 0.290446 0.642261 0.290854 0.642403 0.291231 0.642632 0.291560 0.642942 0.291831 0.643318 0.292032 0.643748 0.292156 0.644215
0 0.181225 0.705316 0.181195 0.705619 0.181106 0.705910 0.180963 0.706179 0.180770 0.706415 0.180534 0.706608 0.180265 0.706751 0.179974 0.706840 0.179671 0.706870 0.179367 0.706840 0.179076 0.706751 0.178807 0.706608 0.178571 0.706415 0.178378 0.706179 0.178235 0.705910 0.178146 0.705619 0.178116 0.705316 0.178146 0.705012 0.178235 0.704721 0.178378 0.704452 0.178571 0.704216 0.178807 0.704023 0.179076 0.703880 0.179367 0.703791 0.179671 0.703761 0.179974 0.703791 0.180265 0.703880 0.180534 0.704023 0.180770 0.704216 0.180963 0.704452 0.181106 0.704721 0.181195 0.705012
0 0.178738 0.706559 0.178714 0.706862 0.178643 0.707154 0.178528 0.707422 0.178374 0.707658 0.178185 0.707851 0.177970 0.707995 0.177737 0.708083 0.177495 0.708113 0.177252 0.708083 0.177019 0.707995 0.176804 0.707851 0.176615 0.707658 0.176461 0.707422 0.176346 0.707154 0.176275 0.706862 0.176251 0.706559 0.176275 0.706256 0.176346 0.705964 0.176461 0.705695 0.176615 0.705460 0.176804 0.705267 0.177019 0.705123 0.177252 0.705035 0.177495 0.705005 0.177737 0.705035 0.177970 0.705123 0.178185 0.705267 0.178374 0.705460 0.178528 0.705695 0.178643 0.705964 0.178714 0.706256
0 0.239664 0.737955 0.239617 0.738318 0.239475 0.738668 0.239245 0.738991 0.238936 0.739273 0.238559 0.739505 0.238129 0.739678 0.237663 0.739784 0.237177 0.739820 0.236692 0.739784 0.236226 0.739678 0.235796 0.739505 0.235419 0.739273 0.235110 0.738991 0.234880 0.738668 0.234738 0.738318 0.234691 0.737955 0.234738 0.737591 0.234880 0.737241 0.235110 0.736918 0.235419 0.736636 0.235796 0.736404 0.236226 0.736231 0.236692 0.736125 0.237177 0.736090 0.237663 0.736125 0.238129 0.736231 0.238559 0.736404 0.238936 0.736636 0.239245 0.736918 0.239475 0.737241 0.239617 0.737591
0 0.262978 0.726764 0.262924 0.727552 0.262765 0.728311 0.262506 0.729009 0.262159 0.729622 0.261735 0.730124 0.261251 0.730497 0.260726 0.730727 0.260180 0.730805 0.259635 0.730727 0.259110 0.730497 0.258626 0.730124 0.258202 0.729622 0.257854 0.729009 0.257596 0.728311 0.257436 0.727552 0.257383 0.726764 0.257436 0.725976 0.257596 0.725218 0.257854 0.724519 0.258202 0.723907 0.258626 0.723404 0.259110 0.723031 0.259635 0.722801 0.260180 0.722723 0.260726 0.722801 0.261251 0.723031 0.261735 0.723404 0.262159 0.723907 0.262506 0.724519 0.262765 0.725218 0.262924 0.725976
0 0.236245 0.744172 0.236191 0.744657 0.236032 0.745123 0.235773 0.745553 0.235426 0.745930 0.235002 0.746239 0.234518 0.746469 0.233993 0.746611 0.233447 0.746658 0.232902 0.746611 0.232377 0.746469 0.231893 0.746239 0.231469 0.745930 0.231121 0.745553 0.230863 0.745123 0.230703 0.744657 0.230650 0.744172 0.230703 0.743686 0.230863 0.743220 0.231121 0.742790 0.231469 0.742413 0.231893 0.742104 0.232377 0.741874 0.232902 0.741733 0.233447 0.741685 0.233993 0.741733 0.234518 0.741874 0.235002 0.742104 0.235426 0.742413 0.235773 0.742790 0.236032 0.743220 0.236191 0.743686
0 0.296239 0.771837 0.296197 0.772383 0.296073 0.772908 0.295872 0.773391 0.295601 0.773815 0.295272 0.774163 0.294895 0.774422 0.294487 0.774581 0.294063 0.774635 0.293638 0.774581 0.293230 0.774422 0.292854 0.774163 0.292524 0.773815 0.292254 0.773391 0.292052 0.772908 0.291929 0.772383 0.291887 0.771837 0.291929 0.771291 0.292052 0.770767 0.292254 0.770283 0.292524 0.769859 0.292854 0.769511 0.293230 0.769252 0.293638 0.769093 0.294063 0.769039 0.294487 0.769093 0.294895 0.769252 0.295272 0.769511 0.295601 0.769859 0.295872 0.770283 0.296073 0.770767 0.296197 0.771291
0 0.299969 0.764688 0.299909 0.765294 0.299732 0.765877 0.299445 0.766415 0.299058 0.766886 0.298587 0.767272 0.298050 0.767559 0.297467 0.767736 0.296860 0.767796 0.296254 0.767736 0.295671 0.767559 0.295133 0.767272 0.294662 0.766886 0.294276 0.766415 0.293989 0.765877 0.293812 0.765294 0.293752 0.764688 0.293812 0.764081 0.293989 0.763498 0.294276 0.762961 0.294662 0.762490 0.295133 0.762103 0.295671 0.761816 0.296254 0.761639 0.296860 0.761579 0.297467 0.761639 0.298050 0.761816 0.298587 0.762103 0.299058 0.762490 0.299445 0.762961 0.299732 0.763498 0.299909 0.764081
0 0.464097 0.823127 0.464043 0.823673 0.463884 0.824198 0.463625 0.824681 0.463278 0.825105 0.462854 0.825453 0.462370 0.825712 0.461845 0.825871 0.461299 0.825925 0.460754 0.825871 0.460229 0.825712 0.459745 0.825453 0.459321 0.825105 0.458973 0.824681 0.458715 0.824198 0.458555 0.823673 0.458502 0.823127 0.458555 0.822581 0.458715 0.822057 0.458973 0.821573 0.459321 0.821149 0.459745 0.820801 0.460229 0.820542 0.460754 0.820383 0.461299 0.820329 0.461845 0.820383 0.462370 0.820542 0.462854 0.820801 0.463278 0.821149 0.463625 0.821573 0.463884 0.822057 0.464043 0.822581
0 0.458813 0.831520 0.458765 0.832066 0.458623 0.832591 0.458393 0.833074 0.458084 0.833498 0.457707 0.833846 0.457277 0.834105 0.456811 0.834264 0.456326 0.834318 0.455841 0.834264 0.455374 0.834105 0.454944 0.833846 0.454567 0.833498 0.454258 0.833074 0.454028 0.832591 0.453887 0.832066 0.453839 0.831520 0.453887 0.830974 0.454028 0.830449 0.454258 0.829966 0.454567 0.829542 0.454944 0.829194 0.455374 0.828935 0.455841 0.828776 0.456326 0.828722 0.456811 0.828776 0.457277 0.828935 0.457707 0.829194 0.458084 0.829542 0.458393 0.829966 0.458623 0.830449 0.458765 0.830974
0 0.568823 0.738834 0.569315 0.739656 0.569681 0.740521 0.569907 0.741394 0.569986 0.742243 0.569913 0.743035 0.569693 0.743738 0.569332 0.744327 0.568846 0.744779 0.568252 0.745076 0.567574 0.745206 0.566838 0.745166 0.566071 0.744956 0.565304 0.744584 0.564566 0.744065 0.563885 0.743419 0.563287 0.742670 0.562796 0.741848 0.562430 0.740984 0.562204 0.740110 0.562125 0.739261 0.562197 0.738470 0.562418 0.737766 0.562779 0.737177 0.563265 0.736726 0.563859 0.736429 0.564537 0.736298 0.565273 0.736339 0.566040 0.736549 0.566807 0.736920 0.567545 0.737439 0.568226 0.738085
0 0.496777 0.920684 0.496747 0.919807 0.496825 0.918953 0.497006 0.918155 0.497284 0.917445 0.497649 0.916849 0.498087 0.916390 0.498580 0.916087 0.499109 0.915950 0.499655 0.915985 0.500197 0.916190 0.500712 0.916558 0.501183 0.917075 0.501590 0.917720 0.501918 0.918469 0.502155 0.919294 0.502290 0.920161 0.502320 0.921039 0.502243 0.921893 0.502062 0.922690 0.501783 0.923401 0.501418 0.923997 0.500981 0.924455 0.500488 0.924759 0.499958 0.924896 0.499412 0.924861 0.498871 0.924655 0.498355 0.924287 0.497885 0.923771 0.497477 0.923125 0.497149 0.922376 0.496913 0.921552
0 0.708113 0.639105 0.708065 0.639711 0.707924 0.640294 0.707694 0.640832 0.707385 0.641303 0.707008 0.641689 0.706578 0.641977 0.706112 0.642154 0.705626 0.642213 0.705141 0.642154 0.704675 0.641977 0.704245 0.641689 0.703868 0.641303 0.703559 0.640832 0.703329 0.640294 0.703187 0.639711 0.703140 0.639105 0.703187 0.638498 0.703329 0.637915 0.703559 0.637378 0.703868 0.636907 0.704245 0.636520 0.704675 0.636233 0.705141 0.636056 0.705626 0.635996 0.706112 0.636056 0.706578 0.636233 0.707008 0.636520 0.707385 0.636907 0.707694 0.637378 0.707924 0.637915 0.708065 0.638498
0 0.891733 0.639248 0.893789 0.637922 0.895889 0.636821 0.897952 0.635987 0.899900 0.635452 0.901656 0.635236 0.903154 0.635349 0.904337 0.635784 0.905157 0.636527 0.905585 0.637548 0.905604 0.638807 0.905212 0.640258 0.904426 0.641843 0.903275 0.643502 0.901803 0.645172 0.900067 0.646787 0.898134 0.648287 0.896078 0.649612 0.893977 0.650714 0.891914 0.651548 0.889967 0.652083 0.888210 0.652299 0.886712 0.652186 0.885530 0.651751 0.884709 0.651008 0.884281 0.649987 0.884262 0.648728 0.884654 0.647277 0.885440 0.645692 0.886592 0.644033 0.888064 0.642363 0.889800 0.640748
0 0.758160 0.509792 0.758106 0.510277 0.757947 0.510743 0.757688 0.511173 0.757340 0.511550 0.756916 0.511859 0.756433 0.512089 0.755908 0.512231 0.755362 0.512279 0.754816 0.512231 0.754292 0.512089 0.753808 0.511859 0.753384 0.511550 0.753036 0.511173 0.752777 0.510743 0.752618 0.510277 0.752565 0.509792 0.752618 0.509307 0.752777 0.508840 0.753036 0.508410 0.753384 0.508033 0.753808 0.507724 0.754292 0.507494 0.754816 0.507353 0.755362 0.507305 0.755908 0.507353 0.756433 0.507494 0.756916 0.507724 0.757340 0.508033 0.757688 0.508410 0.757947 0.508840 0.758106 0.509307
0 0.843533 0.564433 0.844527 0.563301 0.845558 0.562274 0.846587 0.561393 0.847575 0.560691 0.848484 0.560195 0.849278 0.559924 0.849927 0.559889 0.850407 0.560091 0.850698 0.560522 0.850789 0.561166 0.850678 0.561998 0.850368 0.562985 0.849872 0.564091 0.849207 0.565272 0.848401 0.566483 0.847483 0.567677 0.846490 0.568810 0.845458 0.569836 0.844429 0.570718 0.843441 0.571420 0.842533 0.571915 0.841739 0.572186 0.841089 0.572221 0.840610 0.572019 0.840319 0.571588 0.840227 0.570945 0.840338 0.570113 0.840648 0.569126 0.841145 0.568020 0.841809 0.566839 0.842616 0.565628
0 0.753497 0.552378 0.753390 0.553106 0.753071 0.553805 0.752554 0.554450 0.751858 0.555016 0.751010 0.555480 0.750043 0.555824 0.748993 0.556037 0.747902 0.556108 0.746810 0.556037 0.745761 0.555824 0.744793 0.555480 0.743945 0.555016 0.743249 0.554450 0.742732 0.553805 0.742414 0.553106 0.742306 0.552378 0.742414 0.551650 0.742732 0.550951 0.743249 0.550306 0.743945 0.549740 0.744793 0.549276 0.745761 0.548932 0.746810 0.548719 0.747902 0.548648 0.748993 0.548719 0.750043 0.548932 0.751010 0.549276 0.751858 0.549740 0.752554 0.550306 0.753071 0.550951 0.753390 0.551650
0 0.744172 0.417159 0.744112 0.417765 0.743935 0.418348 0.743648 0.418886 0.743261 0.419357 0.742790 0.419743 0.742253 0.420031 0.741670 0.420208 0.741063 0.420267 0.740457 0.420208 0.739874 0.420031 0.739336 0.419743 0.738865 0.419357 0.738478 0.418886 0.738191 0.418348 0.738014 0.417765 0.737955 0.417159 0.738014 0.416552 0.738191 0.415969 0.738478 0.415432 0.738865 0.414961 0.739336 0.414574 0.739874 0.414287 0.740457 0.414110 0.741063 0.414050 0.741670 0.414110 0.742253 0.414287 0.742790 0.414574 0.743261 0.414961 0.743648 0.415432 0.743935 0.415969 0.744112 0.416552
0 0.752565 0.413740 0.752505 0.414103 0.752328 0.414453 0.752041 0.414776 0.751654 0.415058 0.751183 0.415290 0.750646 0.415463 0.750062 0.415569 0.749456 0.415605 0.748850 0.415569 0.748266 0.415463 0.747729 0.415290 0.747258 0.415058 0.746871 0.414776 0.746584 0.414453 0.746407 0.414103 0.746348 0.413740 0.746407 0.413376 0.746584 0.413026 0.746871 0.412703 0.747258 0.412421 0.747729 0.412189 0.748266 0.412016 0.748850 0.411910 0.749456 0.411874 0.750062 0.411910 0.750646 0.412016 0.751183 0.412189 0.751654 0.412421 0.752041 0.412703 0.752328 0.413026 0.752505 0.413376
0 0.769039 0.412496 0.768998 0.412860 0.768874 0.413210 0.768673 0.413532 0.768402 0.413815 0.768072 0.414047 0.767696 0.414219 0.767288 0.414325 0.766864 0.414361 0.766439 0.414325 0.766031 0.414219 0.765655 0.414047 0.765325 0.413815 0.765054 0.413532 0.764853 0.413210 0.764729 0.412860 0.764688 0.412496 0.764729 0.412132 0.764853 0.411782 0.765054 0.411460 0.765325 0.411177 0.765655 0.410945 0.766031 0.410773 0.766439 0.410667 0.766864 0.410631 0.767288 0.410667 0.767696 0.410773 0.768072 0.410945 0.768402 0.411177 0.768673 0.411460 0.768874 0.411782 0.768998 0.412132
0 0.583774 0.419335 0.583726 0.419941 0.583584 0.420524 0.583355 0.421062 0.583045 0.421533 0.582668 0.421919 0.582239 0.422207 0.581772 0.422384 0.581287 0.422443 0.580802 0.422384 0.580335 0.422207 0.579905 0.421919 0.579528 0.421533 0.579219 0.421062 0.578989 0.420524 0.578848 0.419941 0.578800 0.419335 0.578848 0.418728 0.578989 0.418145 0.579219 0.417608 0.579528 0.417137 0.579905 0.416750 0.580335 0.416463 0.580802 0.416286 0.581287 0.416226 0.581772 0.416286 0.582239 0.416463 0.582668 0.416750 0.583045 0.417137 0.583355 0.417608 0.583584 0.418145 0.583726 0.418728
0 0.547094 0.447000 0.547046 0.447546 0.546904 0.448071 0.546674 0.448555 0.546365 0.448979 0.545988 0.449326 0.545558 0.449585 0.545092 0.449744 0.544607 0.449798 0.544122 0.449744 0.543655 0.449585 0.543225 0.449326 0.542848 0.448979 0.542539 0.448555 0.542309 0.448071 0.542168 0.447546 0.542120 0.447000 0.542168 0.446455 0.542309 0.445930 0.542539 0.445446 0.542848 0.445022 0.543225 0.444674 0.543655 0.444416 0.544122 0.444256 0.544607 0.444203 0.545092 0.444256 0.545558 0.444416 0.545988 0.444674 0.546365 0.445022 0.546674 0.445446 0.546904 0.445930 0.547046 0.446455
0 0.580665 0.263289 0.580540 0.264380 0.580168 0.265430 0.579565 0.266397 0.578753 0.267245 0.577764 0.267941 0.576635 0.268458 0.575411 0.268777 0.574137 0.268884 0.572864 0.268777 0.571639 0.268458 0.570511 0.267941 0.569522 0.267245 0.568710 0.266397 0.568106 0.265430 0.567735 0.264380 0.567610 0.263289 0.567735 0.262197 0.568106 0.261148 0.568710 0.260180 0.569522 0.259332 0.570511 0.258636 0.571639 0.258119 0.572864 0.257801 0.574137 0.257694 0.575411 0.257801 0.576635 0.258119 0.577764 0.258636 0.578753 0.259332 0.579565 0.260180 0.580168 0.261148 0.580540 0.262197
0 0.697855 0.202362 0.697807 0.202908 0.697666 0.203433 0.697436 0.203917 0.697127 0.204341 0.696750 0.204689 0.696320 0.204947 0.695854 0.205106 0.695368 0.205160 0.694883 0.205106 0.694417 0.204947 0.693987 0.204689 0.693610 0.204341 0.693301 0.203917 0.693071 0.203433 0.692929 0.202908 0.692882 0.202362 0.692929 0.201817 0.693071 0.201292 0.693301 0.200808 0.693610 0.200384 0.693987 0.200036 0.694417 0.199778 0.694883 0.199619 0.695368 0.199565 0.695854 0.199619 0.696320 0.199778 0.696750 0.200036 0.697127 0.200384 0.697436 0.200808 0.697666 0.201292 0.697807 0.201817
0 0.693814 0.208579 0.693766 0.209186 0.693625 0.209769 0.693395 0.210306 0.693086 0.210777 0.692709 0.211164 0.692279 0.211451 0.691812 0.211628 0.691327 0.211688 0.690842 0.211628 0.690376 0.211451 0.689946 0.211164 0.689569 0.210777 0.689260 0.210306 0.689030 0.209769 0.688888 0.209186 0.688841 0.208579 0.688888 0.207973 0.689030 0.207390 0.689260 0.206852 0.689569 0.206381 0.689946 0.205995 0.690376 0.205708 0.690842 0.205531 0.691327 0.205471 0.691812 0.205531 0.692279 0.205708 0.692709 0.205995 0.693086 0.206381 0.693395 0.206852 0.693625 0.207390 0.693766 0.207973
0 0.688530 0.218216 0.688494 0.218519 0.688388 0.218811 0.688215 0.219079 0.687983 0.219315 0.687701 0.219508 0.687378 0.219652 0.687028 0.219740 0.686665 0.219770 0.686301 0.219740 0.685951 0.219652 0.685628 0.219508 0.685346 0.219315 0.685114 0.219079 0.684941 0.218811 0.684835 0.218519 0.684800 0.218216 0.684835 0.217913 0.684941 0.217621 0.685114 0.217352 0.685346 0.217117 0.685628 0.216923 0.685951 0.216780 0.686301 0.216691 0.686665 0.216661 0.687028 0.216691 0.687378 0.216780 0.687701 0.216923 0.687983 0.217117 0.688215 0.217352 0.688388 0.217621 0.688494 0.217913
0 0.408766 0.177805 0.408718 0.178351 0.408577 0.178876 0.408347 0.179360 0.408038 0.179784 0.407661 0.180132 0.407231 0.180390 0.406764 0.180549 0.406279 0.180603 0.405794 0.180549 0.405327 0.180390 0.404898 0.180132 0.404521 0.179784 0.404211 0.179360 0.403982 0.178876 0.403840 0.178351 0.403792 0.177805 0.403840 0.177260 0.403982 0.176735 0.404211 0.176251 0.404521 0.175827 0.404898 0.175479 0.405327 0.175221 0.405794 0.175062 0.406279 0.175008 0.406764 0.175062 0.407231 0.175221 0.407661 0.175479 0.408038 0.175827 0.408347 0.176251 0.408577 0.176735 0.408718 0.177260
0 0.354057 0.198011 0.354027 0.198314 0.353938 0.198605 0.353795 0.198874 0.353601 0.199110 0.353366 0.199303 0.353097 0.199447 0.352806 0.199535 0.352502 0.199565 0.352199 0.199535 0.351908 0.199447 0.351639 0.199303 0.351403 0.199110 0.351210 0.198874 0.351066 0.198605 0.350978 0.198314 0.350948 0.198011 0.350978 0.197707 0.351066 0.197416 0.351210 0.197147 0.351403 0.196912 0.351639 0.196718 0.351908 0.196575 0.352199 0.196486 0.352502 0.196456 0.352806 0.196486 0.353097 0.196575 0.353366 0.196718 0.353601 0.196912 0.353795 0.197147 0.353938 0.197416 0.354027 0.197707
0 0.366905 0.124615 0.366989 0.125112 0.366923 0.125640 0.366708 0.126177 0.366354 0.126704 0.365874 0.127199 0.365286 0.127644 0.364612 0.128022 0.363880 0.128318 0.363117 0.128521 0.362351 0.128623 0.361614 0.128620 0.360932 0.128512 0.360333 0.128304 0.359839 0.128003 0.359469 0.127621 0.359238 0.127173 0.359153 0.126675 0.359220 0.126147 0.359434 0.125610 0.359788 0.125084 0.360269 0.124588 0.360857 0.124143 0.361530 0.123765 0.362262 0.123469 0.363026 0.123266 0.363791 0.123164 0.364529 0.123167 0.365210 0.123275 0.365809 0.123483 0.366303 0.123784 0.366673 0.124166
0 0.327634 0.357476 0.327575 0.358082 0.327398 0.358665 0.327111 0.359203 0.326724 0.359674 0.326253 0.360061 0.325716 0.360348 0.325132 0.360525 0.324526 0.360584 0.323920 0.360525 0.323336 0.360348 0.322799 0.360061 0.322328 0.359674 0.321941 0.359203 0.321654 0.358665 0.321477 0.358082 0.321417 0.357476 0.321477 0.356869 0.321654 0.356286 0.321941 0.355749 0.322328 0.355278 0.322799 0.354891 0.323336 0.354604 0.323920 0.354427 0.324526 0.354367 0.325132 0.354427 0.325716 0.354604 0.326253 0.354891 0.326724 0.355278 0.327111 0.355749 0.327398 0.356286 0.327575 0.356869
0 0.171278 0.404414 0.171224 0.404960 0.171065 0.405485 0.170806 0.405968 0.170458 0.406392 0.170034 0.406740 0.169551 0.406999 0.169026 0.407158 0.168480 0.407212 0.167934 0.407158 0.167409 0.406999 0.166926 0.406740 0.166502 0.406392 0.166154 0.405968 0.165895 0.405485 0.165736 0.404960 0.165682 0.404414 0.165736 0.403868 0.165895 0.403343 0.166154 0.402860 0.166502 0.402436 0.166926 0.402088 0.167409 0.401829 0.167934 0.401670 0.168480 0.401616 0.169026 0.401670 0.169551 0.401829 0.170034 0.402088 0.170458 0.402436 0.170806 0.402860 0.171065 0.403343 0.171224 0.403868
0 0.121138 0.402904 0.121279 0.403391 0.121252 0.403941 0.121056 0.404533 0.120699 0.405145 0.120196 0.405752 0.119566 0.406332 0.118832 0.406862 0.118023 0.407321 0.117170 0.407693 0.116306 0.407963 0.115464 0.408120 0.114676 0.408159 0.113973 0.408078 0.113382 0.407880 0.112925 0.407572 0.112620 0.407167 0.112479 0.406680 0.112507 0.406130 0.112702 0.405538 0.113059 0.404927 0.113562 0.404319 0.114193 0.403740 0.114926 0.403210 0.115735 0.402750 0.116588 0.402378 0.117452 0.402109 0.118294 0.401951 0.119082 0.401913 0.119785 0.401994 0.120376 0.402192 0.120833 0.402499
0 0.152005 0.394156 0.151951 0.394641 0.151792 0.395108 0.151533 0.395538 0.151186 0.395914 0.150762 0.396224 0.150278 0.396454 0.149753 0.396595 0.149207 0.396643 0.148662 0.396595 0.148137 0.396454 0.147653 0.396224 0.147229 0.395914 0.146881 0.395538 0.146623 0.395108 0.146463 0.394641 0.146410 0.394156 0.146463 0.393671 0.146623 0.393204 0.146881 0.392774 0.147229 0.392398 0.147653 0.392088 0.148137 0.391859 0.148662 0.391717 0.149207 0.391669 0.149753 0.391717 0.150278 0.391859 0.150762 0.392088 0.151186 0.392398 0.151533 0.392774 0.151792 0.393204 0.151951 0.393671
0 0.140157 0.391838 0.140183 0.392382 0.139816 0.393102 0.139069 0.393970 0.137972 0.394953 0.136565 0.396012 0.134903 0.397108 0.133051 0.398197 0.131079 0.399239 0.129062 0.400193 0.127080 0.401023 0.125207 0.401696 0.123515 0.402187 0.122071 0.402477 0.120929 0.402554 0.120132 0.402417 0.119713 0.402069 0.119686 0.401525 0.120053 0.400805 0.120800 0.399937 0.121898 0.398955 0.123305 0.397895 0.124966 0.396800 0.126819 0.395710 0.128791 0.394668 0.130807 0.393714 0.132790 0.392884 0.134663 0.392211 0.136354 0.391720 0.137799 0.391431 0.138941 0.391353 0.139737 0.391491
0 0.163196 0.399440 0.163166 0.399804 0.163077 0.400154 0.162934 0.400477 0.162740 0.400759 0.162505 0.400991 0.162236 0.401164 0.161944 0.401270 0.161641 0.401306 0.161338 0.401270 0.161046 0.401164 0.160778 0.400991 0.160542 0.400759 0.160349 0.400477 0.160205 0.400154 0.160117 0.399804 0.160087 0.399440 0.160117 0.399077 0.160205 0.398727 0.160349 0.398404 0.160542 0.398122 0.160778 0.397890 0.161046 0.397717 0.161338 0.397611 0.161641 0.397575 0.161944 0.397611 0.162236 0.397717 0.162505 0.397890 0.162740 0.398122 0.162934 0.398404 0.163077 0.398727 0.163166 0.399077
0 0.156046 0.396021 0.156010 0.396385 0.155904 0.396735 0.155732 0.397057 0.155500 0.397340 0.155217 0.397572 0.154895 0.397744 0.154545 0.397850 0.154181 0.397886 0.153817 0.397850 0.153467 0.397744 0.153145 0.397572 0.152862 0.397340 0.152630 0.397057 0.152458 0.396735 0.152352 0.396385 0.152316 0.396021 0.152352 0.395657 0.152458 0.395307 0.152630 0.394985 0.152862 0.394702 0.153145 0.394470 0.153467 0.394298 0.153817 0.394192 0.154181 0.394156 0.154545 0.394192 0.154895 0.394298 0.155217 0.394470 0.155500 0.394702 0.155732 0.394985 0.155904 0.395307 0.156010 0.395657
0 0.163474 0.455795 0.163747 0.456405 0.163808 0.457131 0.163655 0.457946 0.163292 0.458818 0.162735 0.459714 0.162004 0.460599 0.161128 0.461439 0.160140 0.462202 0.159079 0.462859 0.157984 0.463384 0.156899 0.463758 0.155865 0.463965 0.154921 0.463998 0.154104 0.463856 0.153445 0.463544 0.152970 0.463074 0.152697 0.462464 0.152636 0.461737 0.152789 0.460923 0.153152 0.460050 0.153709 0.459155 0.154440 0.458270 0.155316 0.457429 0.156304 0.456666 0.157365 0.456009 0.158460 0.455484 0.159545 0.455111 0.160579 0.454903 0.161523 0.454870 0.162340 0.455012 0.162999 0.455325
0 0.167547 0.465030 0.167500 0.465454 0.167358 0.465862 0.167128 0.466238 0.166819 0.466568 0.166442 0.466839 0.166012 0.467040 0.165546 0.467164 0.165061 0.467205 0.164575 0.467164 0.164109 0.467040 0.163679 0.466839 0.163302 0.466568 0.162993 0.466238 0.162763 0.465862 0.162622 0.465454 0.162574 0.465030 0.162622 0.464605 0.162763 0.464197 0.162993 0.463821 0.163302 0.463491 0.163679 0.463220 0.164109 0.463019 0.164575 0.462895 0.165061 0.462854 0.165546 0.462895 0.166012 0.463019 0.166442 0.463220 0.166819 0.463491 0.167128 0.463821 0.167358 0.464197 0.167500 0.464605
0 0.137842 0.582735 0.138068 0.583241 0.138090 0.583874 0.137905 0.584612 0.137521 0.585424 0.136954 0.586281 0.136224 0.587149 0.135360 0.587995 0.134395 0.588786 0.133366 0.589492 0.132313 0.590085 0.131276 0.590544 0.130295 0.590850 0.129407 0.590991 0.128648 0.590963 0.128045 0.590766 0.127622 0.590408 0.127396 0.589902 0.127375 0.589268 0.127560 0.588531 0.127944 0.587718 0.128511 0.586862 0.129241 0.585994 0.130105 0.585148 0.131070 0.584357 0.132099 0.583651 0.133152 0.583057 0.134189 0.582599 0.135170 0.582293 0.136057 0.582151 0.136817 0.582180 0.137420 0.582377
0 0.205782 0.636307 0.205728 0.636914 0.205569 0.637497 0.205310 0.638034 0.204962 0.638505 0.204538 0.638892 0.204055 0.639179 0.203530 0.639356 0.202984 0.639416 0.202438 0.639356 0.201914 0.639179 0.201430 0.638892 0.201006 0.638505 0.200658 0.638034 0.200399 0.637497 0.200240 0.636914 0.200187 0.636307 0.200240 0.635701 0.200399 0.635118 0.200658 0.634580 0.201006 0.634109 0.201430 0.633723 0.201914 0.633435 0.202438 0.633258 0.202984 0.633199 0.203530 0.633258 0.204055 0.633435 0.204538 0.633723 0.204962 0.634109 0.205310 0.634580 0.205569 0.635118 0.205728 0.635701
0 0.355611 0.715574 0.355491 0.716786 0.355138 0.717953 0.354563 0.719027 0.353790 0.719970 0.352848 0.720743 0.351773 0.721317 0.350607 0.721671 0.349394 0.721790 0.348181 0.721671 0.347015 0.721317 0.345940 0.720743 0.344998 0.719970 0.344225 0.719027 0.343650 0.717953 0.343296 0.716786 0.343177 0.715574 0.343296 0.714361 0.343650 0.713194 0.344225 0.712120 0.344998 0.711177 0.345940 0.710404 0.347015 0.709830 0.348181 0.709476 0.349394 0.709357 0.350607 0.709476 0.351773 0.709830 0.352848 0.710404 0.353790 0.711177 0.354563 0.712120 0.355138 0.713194 0.355491 0.714361
0 0.371464 0.723034 0.371422 0.723519 0.371298 0.723986 0.371097 0.724415 0.370827 0.724792 0.370497 0.725102 0.370121 0.725331 0.369713 0.725473 0.369288 0.725521 0.368864 0.725473 0.368455 0.725331 0.368079 0.725102 0.367750 0.724792 0.367479 0.724415 0.367278 0.723986 0.367154 0.723519 0.367112 0.723034 0.367154 0.722549 0.367278 0.722082 0.367479 0.721652 0.367750 0.721275 0.368079 0.720966 0.368455 0.720736 0.368864 0.720595 0.369288 0.720547 0.369713 0.720595 0.370121 0.720736 0.370497 0.720966 0.370827 0.721275 0.371097 0.721652 0.371298 0.722082 0.371422 0.722549
0 0.365247 0.725210 0.365211 0.725574 0.365105 0.725924 0.364933 0.726246 0.364701 0.726529 0.364418 0.726761 0.364096 0.726933 0.363746 0.727039 0.363382 0.727075 0.363018 0.727039 0.362668 0.726933 0.362346 0.726761 0.362063 0.726529 0.361831 0.726246 0.361659 0.725924 0.361553 0.725574 0.361517 0.725210 0.361553 0.724846 0.361659 0.724496 0.361831 0.724174 0.362063 0.723891 0.362346 0.723659 0.362668 0.723487 0.363018 0.723381 0.363382 0.723345 0.363746 0.723381 0.364096 0.723487 0.364418 0.723659 0.364701 0.723891 0.364933 0.724174 0.365105 0.724496 0.365211 0.724846
0 0.383133 0.630878 0.382442 0.631480 0.381688 0.631968 0.380898 0.632325 0.380105 0.632536 0.379338 0.632593 0.378627 0.632494 0.377998 0.632244 0.377478 0.631851 0.377084 0.631330 0.376833 0.630702 0.376734 0.629991 0.376790 0.629224 0.377001 0.628430 0.377357 0.627641 0.377845 0.626886 0.378446 0.626194 0.379137 0.625592 0.379892 0.625104 0.380681 0.624747 0.381474 0.624536 0.382241 0.624479 0.382952 0.624577 0.383581 0.624828 0.384102 0.625221 0.384495 0.625742 0.384746 0.626370 0.384846 0.627081 0.384789 0.627848 0.384578 0.628642 0.384222 0.629431 0.383734 0.630186
0 0.391048 0.628536 0.391000 0.629082 0.390858 0.629607 0.390628 0.630090 0.390319 0.630514 0.389942 0.630862 0.389512 0.631121 0.389046 0.631280 0.388561 0.631334 0.388076 0.631280 0.387609 0.631121 0.387179 0.630862 0.386802 0.630514 0.386493 0.630090 0.386263 0.629607 0.386122 0.629082 0.386074 0.628536 0.386122 0.627990 0.386263 0.627465 0.386493 0.626982 0.386802 0.626558 0.387179 0.626210 0.387609 0.625951 0.388076 0.625792 0.388561 0.625738 0.389046 0.625792 0.389512 0.625951 0.389942 0.626210 0.390319 0.626558 0.390628 0.626982 0.390858 0.627465 0.391000 0.627990
0 0.400684 0.621076 0.400636 0.621621 0.400495 0.622146 0.400265 0.622630 0.399956 0.623054 0.399579 0.623402 0.399149 0.623660 0.398682 0.623819 0.398197 0.623873 0.397712 0.623819 0.397245 0.623660 0.396815 0.623402 0.396439 0.623054 0.396129 0.622630 0.395900 0.622146 0.395758 0.621621 0.395710 0.621076 0.395758 0.620530 0.395900 0.620005 0.396129 0.619521 0.396439 0.619097 0.396815 0.618749 0.397245 0.618491 0.397712 0.618332 0.398197 0.618278 0.398682 0.618332 0.399149 0.618491 0.399579 0.618749 0.399956 0.619097 0.400265 0.619521 0.400495 0.620005 0.400636 0.620530
0 0.394778 0.625117 0.394730 0.625602 0.394588 0.626068 0.394359 0.626498 0.394049 0.626875 0.393673 0.627184 0.393243 0.627414 0.392776 0.627556 0.392291 0.627603 0.391806 0.627556 0.391339 0.627414 0.390909 0.627184 0.390533 0.626875 0.390223 0.626498 0.389993 0.626068 0.389852 0.625602 0.389804 0.625117 0.389852 0.624631 0.389993 0.624165 0.390223 0.623735 0.390533 0.623358 0.390909 0.623049 0.391339 0.622819 0.391806 0.622678 0.392291 0.622630 0.392776 0.622678 0.393243 0.622819 0.393673 0.623049 0.394049 0.623358 0.394359 0.623735 0.394588 0.624165 0.394730 0.624631
0 0.127448 0.438297 0.127406 0.438782 0.127282 0.439248 0.127081 0.439678 0.126811 0.440055 0.126481 0.440364 0.126105 0.440594 0.125696 0.440736 0.125272 0.440783 0.124847 0.440736 0.124439 0.440594 0.124063 0.440364 0.123733 0.440055 0.123463 0.439678 0.123262 0.439248 0.123138 0.438782 0.123096 0.438297 0.123138 0.437811 0.123262 0.437345 0.123463 0.436915 0.123733 0.436538 0.124063 0.436229 0.124439 0.435999 0.124847 0.435858 0.125272 0.435810 0.125696 0.435858 0.126105 0.435999 0.126481 0.436229 0.126811 0.436538 0.127081 0.436915 0.127282 0.437345 0.127406 0.437811
0 0.482126 0.380479 0.482066 0.380964 0.481890 0.381430 0.481602 0.381860 0.481216 0.382237 0.480745 0.382546 0.480207 0.382776 0.479624 0.382918 0.479018 0.382965 0.478411 0.382918 0.477828 0.382776 0.477291 0.382546 0.476820 0.382237 0.476433 0.381860 0.476146 0.381430 0.475969 0.380964 0.475909 0.380479 0.475969 0.379994 0.476146 0.379527 0.476433 0.379097 0.476820 0.378720 0.477291 0.378411 0.477828 0.378181 0.478411 0.378040 0.479018 0.377992 0.479624 0.378040 0.480207 0.378181 0.480745 0.378411 0.481216 0.378720 0.481602 0.379097 0.481890 0.379527 0.482066 0.379994
0 0.528753 0.405657 0.528682 0.406385 0.528470 0.407085 0.528125 0.407730 0.527661 0.408295 0.527096 0.408759 0.526451 0.409104 0.525751 0.409316 0.525023 0.409388 0.524296 0.409316 0.523596 0.409104 0.522951 0.408759 0.522386 0.408295 0.521922 0.407730 0.521577 0.407085 0.521365 0.406385 0.521293 0.405657 0.521365 0.404930 0.521577 0.404230 0.521922 0.403585 0.522386 0.403020 0.522951 0.402556 0.523596 0.402211 0.524296 0.401999 0.525023 0.401927 0.525751 0.401999 0.526451 0.402211 0.527096 0.402556 0.527661 0.403020 0.528125 0.403585 0.528470 0.404230 0.528682 0.404930
0 0.531551 0.399440 0.531509 0.399865 0.531386 0.400273 0.531184 0.400649 0.530914 0.400979 0.530584 0.401250 0.530208 0.401451 0.529800 0.401575 0.529375 0.401616 0.528951 0.401575 0.528542 0.401451 0.528166 0.401250 0.527837 0.400979 0.527566 0.400649 0.527365 0.400273 0.527241 0.399865 0.527199 0.399440 0.527241 0.399016 0.527365 0.398608 0.527566 0.398232 0.527837 0.397902 0.528166 0.397631 0.528542 0.397430 0.528951 0.397306 0.529375 0.397265 0.529800 0.397306 0.530208 0.397430 0.530584 0.397631 0.530914 0.397902 0.531184 0.398232 0.531386 0.398608 0.531509 0.399016
0 0.446689 0.435188 0.446624 0.435794 0.446429 0.436378 0.446113 0.436915 0.445688 0.437386 0.445170 0.437773 0.444579 0.438060 0.443937 0.438237 0.443270 0.438297 0.442603 0.438237 0.441962 0.438060 0.441370 0.437773 0.440852 0.437386 0.440427 0.436915 0.440111 0.436378 0.439916 0.435794 0.439851 0.435188 0.439916 0.434582 0.440111 0.433998 0.440427 0.433461 0.440852 0.432990 0.441370 0.432603 0.441962 0.432316 0.442603 0.432139 0.443270 0.432080 0.443937 0.432139 0.444579 0.432316 0.445170 0.432603 0.445688 0.432990 0.446113 0.433461 0.446429 0.433998 0.446624 0.434582
0 0.428349 0.501710 0.428146 0.502680 0.427545 0.503613 0.426568 0.504473 0.425254 0.505227 0.423652 0.505845 0.421825 0.506305 0.419842 0.506588 0.417781 0.506683 0.415719 0.506588 0.413736 0.506305 0.411909 0.505845 0.410307 0.505227 0.408993 0.504473 0.408016 0.503613 0.407415 0.502680 0.407212 0.501710 0.407415 0.500739 0.408016 0.499806 0.408993 0.498946 0.410307 0.498193 0.411909 0.497574 0.413736 0.497115 0.415719 0.496832 0.417781 0.496736 0.419842 0.496832 0.421825 0.497115 0.423652 0.497574 0.425254 0.498193 0.426568 0.498946 0.427545 0.499806 0.428146 0.500739
0 0.576624 0.178427 0.576564 0.179034 0.576388 0.179617 0.576100 0.180154 0.575714 0.180625 0.575243 0.181012 0.574705 0.181299 0.574122 0.181476 0.573516 0.181536 0.572909 0.181476 0.572326 0.181299 0.571789 0.181012 0.571318 0.180625 0.570931 0.180154 0.570644 0.179617 0.570467 0.179034 0.570407 0.178427 0.570467 0.177821 0.570644 0.177238 0.570931 0.176700 0.571318 0.176229 0.571789 0.175842 0.572326 0.175555 0.572909 0.175378 0.573516 0.175319 0.574122 0.175378 0.574705 0.175555 0.575243 0.175842 0.575714 0.176229 0.576100 0.176700 0.576388 0.177238 0.576564 0.177821
0 0.520671 0.168480 0.520576 0.169329 0.520293 0.170145 0.519833 0.170898 0.519215 0.171557 0.518461 0.172098 0.517601 0.172501 0.516668 0.172748 0.515698 0.172832 0.514728 0.172748 0.513795 0.172501 0.512935 0.172098 0.512181 0.171557 0.511562 0.170898 0.511103 0.170145 0.510820 0.169329 0.510724 0.168480 0.510820 0.167631 0.511103 0.166815 0.511562 0.166062 0.512181 0.165403 0.512935 0.164861 0.513795 0.164459 0.514728 0.164212 0.515698 0.164128 0.516668 0.164212 0.517601 0.164459 0.518461 0.164861 0.519215 0.165403 0.519833 0.166062 0.520293 0.166815 0.520576 0.167631
0 0.477463 0.212931 0.477422 0.213356 0.477298 0.213764 0.477097 0.214140 0.476826 0.214470 0.476496 0.214741 0.476120 0.214942 0.475712 0.215065 0.475288 0.215107 0.474863 0.215065 0.474455 0.214942 0.474079 0.214741 0.473749 0.214470 0.473478 0.214140 0.473277 0.213764 0.473153 0.213356 0.473112 0.212931 0.473153 0.212507 0.473277 0.212099 0.473478 0.211722 0.473749 0.211393 0.474079 0.211122 0.474455 0.210921 0.474863 0.210797 0.475288 0.210755 0.475712 0.210797 0.476120 0.210921 0.476496 0.211122 0.476826 0.211393 0.477097 0.211722 0.477298 0.212099 0.477422 0.212507
