0 0.177495 0.415605 0.177435 0.416150 0.177258 0.416675 0.176971 0.417159 0.176584 0.417583 0.176113 0.417931 0.175576 0.418189 0.174993 0.418348 0.174386 0.418402 0.173780 0.418348 0.173197 0.418189 0.172659 0.417931 0.172188 0.417583 0.171801 0.417159 0.171514 0.416675 0.171337 0.416150 0.171278 0.415605 0.171337 0.415059 0.171514 0.414534 0.171801 0.414050 0.172188 0.413626 0.172659 0.413278 0.173197 0.413020 0.173780 0.412861 0.174386 0.412807 0.174993 0.412861 0.175576 0.413020 0.176113 0.413278 0.176584 0.413626 0.176971 0.414050 0.177258 0.414534 0.177435 0.415059
0 0.166049 0.427100 0.166043 0.426442 0.166154 0.425798 0.166378 0.425193 0.166707 0.424648 0.167128 0.424187 0.167625 0.423825 0.168179 0.423578 0.168768 0.423454 0.169370 0.423459 0.169961 0.423592 0.170520 0.423848 0.171024 0.424217 0.171454 0.424685 0.171794 0.425235 0.172030 0.425844 0.172154 0.426490 0.172161 0.427148 0.172050 0.427792 0.171825 0.428398 0.171496 0.428942 0.171075 0.429404 0.170578 0.429765 0.170025 0.430013 0.169436 0.430136 0.168834 0.430132 0.168242 0.429999 0.167683 0.429743 0.167179 0.429373 0.166749 0.428905 0.166409 0.428356 0.166173 0.427746
0 0.172210 0.432390 0.172132 0.433179 0.171903 0.433937 0.171529 0.434636 0.171027 0.435248 0.170414 0.435750 0.169716 0.436124 0.168957 0.436354 0.168169 0.436431 0.167381 0.436354 0.166623 0.436124 0.165924 0.435750 0.165312 0.435248 0.164809 0.434636 0.164436 0.433937 0.164206 0.433179 0.164128 0.432390 0.164206 0.431602 0.164436 0.430844 0.164809 0.430145 0.165312 0.429533 0.165924 0.429030 0.166623 0.428657 0.167381 0.428427 0.168169 0.428349 0.168957 0.428427 0.169716 0.428657 0.170414 0.429030 0.171027 0.429533 0.171529 0.430145 0.171903 0.430844 0.172132 0.431602
0 0.167547 0.444824 0.167500 0.445249 0.167358 0.445657 0.167128 0.446033 0.166819 0.446363 0.166442 0.446634 0.166012 0.446835 0.165546 0.446959 0.165061 0.447000 0.164575 0.446959 0.164109 0.446835 0.163679 0.446634 0.163302 0.446363 0.162993 0.446033 0.162763 0.445657 0.162622 0.445249 0.162574 0.444824 0.162622 0.444400 0.162763 0.443992 0.162993 0.443615 0.163302 0.443286 0.163679 0.443015 0.164109 0.442814 0.164575 0.442690 0.165061 0.442648 0.165546 0.442690 0.166012 0.442814 0.166442 0.443015 0.166819 0.443286 0.167128 0.443615 0.167358 0.443992 0.167500 0.444400
0 0.259559 0.438918 0.259445 0.439707 0.259109 0.440465 0.258563 0.441163 0.257829 0.441776 0.256934 0.442278 0.255913 0.442652 0.254805 0.442882 0.253652 0.442959 0.252500 0.442882 0.251392 0.442652 0.250371 0.442278 0.249476 0.441776 0.248742 0.441163 0.248196 0.440465 0.247860 0.439707 0.247746 0.438918 0.247860 0.438130 0.248196 0.437372 0.248742 0.436673 0.249476 0.436061 0.250371 0.435558 0.251392 0.435185 0.252500 0.434955 0.253652 0.434877 0.254805 0.434955 0.255913 0.435185 0.256934 0.435558 0.257829 0.436061 0.258563 0.436673 0.259109 0.437372 0.259445 0.438130
0 0.414260 0.435480 0.413530 0.434718 0.412915 0.433891 0.412439 0.433029 0.412121 0.432168 0.411972 0.431338 0.411999 0.430573 0.412200 0.429902 0.412568 0.429350 0.413089 0.428939 0.413742 0.428684 0.414502 0.428596 0.415341 0.428678 0.416225 0.428926 0.417122 0.429331 0.417996 0.429877 0.418814 0.430544 0.419545 0.431306 0.420160 0.432134 0.420635 0.432995 0.420954 0.433857 0.421102 0.434686 0.421075 0.435451 0.420874 0.436122 0.420506 0.436674 0.419986 0.437085 0.419333 0.437340 0.418572 0.437428 0.417734 0.437347 0.416849 0.437099 0.415952 0.436694 0.415078 0.436147
0 0.414476 0.448034 0.414979 0.449516 0.415052 0.451153 0.414692 0.452881 0.413914 0.454634 0.412746 0.456344 0.411234 0.457946 0.409437 0.459379 0.407422 0.460586 0.405268 0.461522 0.403057 0.462151 0.400875 0.462449 0.398804 0.462404 0.396926 0.462018 0.395311 0.461305 0.394022 0.460294 0.393108 0.459023 0.392606 0.457540 0.392533 0.455903 0.392892 0.454175 0.393671 0.452423 0.394839 0.450712 0.396350 0.449110 0.398148 0.447678 0.400163 0.446470 0.402317 0.445534 0.404528 0.444905 0.406710 0.444607 0.408780 0.444652 0.410659 0.445038 0.412274 0.445751 0.413563 0.446762
0 0.422216 0.487111 0.422375 0.486591 0.422704 0.486115 0.423190 0.485701 0.423814 0.485364 0.424553 0.485118 0.425379 0.484972 0.426258 0.484932 0.427158 0.484998 0.428045 0.485170 0.428883 0.485439 0.429641 0.485797 0.430290 0.486228 0.430804 0.486716 0.431164 0.487244 0.431357 0.487789 0.431374 0.488332 0.431215 0.488852 0.430886 0.489328 0.430400 0.489742 0.429776 0.490079 0.429037 0.490325 0.428212 0.490471 0.427332 0.490511 0.426432 0.490445 0.425546 0.490273 0.424707 0.490004 0.423949 0.489646 0.423301 0.489215 0.422786 0.488727 0.422426 0.488199 0.422234 0.487654
0 0.422754 0.511346 0.422444 0.514075 0.421524 0.516699 0.420030 0.519117 0.418020 0.521237 0.415570 0.522977 0.412776 0.524269 0.409743 0.525065 0.406590 0.525334 0.403437 0.525065 0.400404 0.524269 0.397610 0.522977 0.395160 0.521237 0.393150 0.519117 0.391656 0.516699 0.390736 0.514075 0.390426 0.511346 0.390736 0.508617 0.391656 0.505993 0.393150 0.503575 0.395160 0.501455 0.397610 0.499715 0.400404 0.498423 0.403437 0.497627 0.406590 0.497358 0.409743 0.497627 0.412776 0.498423 0.415570 0.499715 0.418020 0.501455 0.420030 0.503575 0.421524 0.505993 0.422444 0.508617
0 0.405968 0.571340 0.405813 0.572613 0.405353 0.573838 0.404606 0.574966 0.403601 0.575956 0.402376 0.576767 0.400979 0.577371 0.399463 0.577742 0.397886 0.577868 0.396309 0.577742 0.394793 0.577371 0.393396 0.576767 0.392171 0.575956 0.391166 0.574966 0.390419 0.573838 0.389959 0.572613 0.389804 0.571340 0.389959 0.570066 0.390419 0.568842 0.391166 0.567713 0.392171 0.566724 0.393396 0.565912 0.394793 0.565309 0.396309 0.564937 0.397886 0.564812 0.399463 0.564937 0.400979 0.565309 0.402376 0.565912 0.403601 0.566724 0.404606 0.567713 0.405353 0.568842 0.405813 0.570066
0 0.469381 0.601803 0.469142 0.604956 0.468435 0.607989 0.467286 0.610783 0.465740 0.613233 0.463855 0.615243 0.461706 0.616737 0.459373 0.617656 0.456947 0.617967 0.454522 0.617656 0.452189 0.616737 0.450040 0.615243 0.448155 0.613233 0.446609 0.610783 0.445460 0.607989 0.444752 0.604956 0.444514 0.601803 0.444752 0.598649 0.445460 0.595617 0.446609 0.592823 0.448155 0.590373 0.450040 0.588363 0.452189 0.586869 0.454522 0.585949 0.456947 0.585639 0.459373 0.585949 0.461706 0.586869 0.463855 0.588363 0.465740 0.590373 0.467286 0.592823 0.468435 0.595617 0.469142 0.598649
0 0.250460 0.573543 0.250617 0.574306 0.250592 0.575099 0.250386 0.575891 0.250007 0.576652 0.249469 0.577351 0.248794 0.577963 0.248006 0.578464 0.247137 0.578834 0.246220 0.579060 0.245289 0.579132 0.244382 0.579048 0.243532 0.578812 0.242772 0.578431 0.242132 0.577922 0.241636 0.577302 0.241303 0.576597 0.241146 0.575834 0.241171 0.575041 0.241377 0.574249 0.241756 0.573488 0.242293 0.572789 0.242969 0.572177 0.243756 0.571676 0.244625 0.571306 0.245543 0.571080 0.246473 0.571008 0.247381 0.571091 0.248231 0.571328 0.248990 0.571709 0.249631 0.572218 0.250127 0.572837
0 0.176251 0.616102 0.176168 0.616951 0.175920 0.617767 0.175518 0.618520 0.174977 0.619179 0.174317 0.619720 0.173565 0.620123 0.172748 0.620370 0.171899 0.620454 0.171050 0.620370 0.170234 0.620123 0.169482 0.619720 0.168822 0.619179 0.168281 0.618520 0.167879 0.617767 0.167631 0.616951 0.167547 0.616102 0.167631 0.615253 0.167879 0.614437 0.168281 0.613684 0.168822 0.613025 0.169482 0.612484 0.170234 0.612081 0.171050 0.611834 0.171899 0.611750 0.172748 0.611834 0.173565 0.612081 0.174317 0.612484 0.174977 0.613025 0.175518 0.613684 0.175920 0.614437 0.176168 0.615253
0 0.175319 0.604911 0.175283 0.605397 0.175177 0.605863 0.175004 0.606293 0.174772 0.606670 0.174490 0.606979 0.174167 0.607209 0.173817 0.607350 0.173454 0.607398 0.173090 0.607350 0.172740 0.607209 0.172417 0.606979 0.172135 0.606670 0.171903 0.606293 0.171730 0.605863 0.171624 0.605397 0.171588 0.604911 0.171624 0.604426 0.171730 0.603960 0.171903 0.603530 0.172135 0.603153 0.172417 0.602844 0.172740 0.602614 0.173090 0.602472 0.173454 0.602425 0.173817 0.602472 0.174167 0.602614 0.174490 0.602844 0.174772 0.603153 0.175004 0.603530 0.175177 0.603960 0.175283 0.604426
0 0.171899 0.605222 0.171852 0.605707 0.171710 0.606174 0.171480 0.606604 0.171171 0.606981 0.170794 0.607290 0.170364 0.607520 0.169898 0.607661 0.169412 0.607709 0.168927 0.607661 0.168461 0.607520 0.168031 0.607290 0.167654 0.606981 0.167345 0.606604 0.167115 0.606174 0.166973 0.605707 0.166926 0.605222 0.166973 0.604737 0.167115 0.604271 0.167345 0.603841 0.167654 0.603464 0.168031 0.603155 0.168461 0.602925 0.168927 0.602783 0.169412 0.602735 0.169898 0.602783 0.170364 0.602925 0.170794 0.603155 0.171171 0.603464 0.171480 0.603841 0.171710 0.604271 0.171852 0.604737
0 0.150762 0.595897 0.150708 0.596503 0.150549 0.597086 0.150290 0.597624 0.149942 0.598095 0.149518 0.598481 0.149035 0.598769 0.148510 0.598946 0.147964 0.599005 0.147418 0.598946 0.146893 0.598769 0.146410 0.598481 0.145986 0.598095 0.145638 0.597624 0.145379 0.597086 0.145220 0.596503 0.145166 0.595897 0.145220 0.595290 0.145379 0.594707 0.145638 0.594170 0.145986 0.593699 0.146410 0.593312 0.146893 0.593025 0.147418 0.592848 0.147964 0.592788 0.148510 0.592848 0.149035 0.593025 0.149518 0.593312 0.149942 0.593699 0.150290 0.594170 0.150549 0.594707 0.150708 0.595290
0 0.151383 0.625117 0.151330 0.625662 0.151170 0.626187 0.150912 0.626671 0.150564 0.627095 0.150140 0.627443 0.149656 0.627701 0.149131 0.627860 0.148586 0.627914 0.148040 0.627860 0.147515 0.627701 0.147031 0.627443 0.146607 0.627095 0.146259 0.626671 0.146001 0.626187 0.145842 0.625662 0.145788 0.625117 0.145842 0.624571 0.146001 0.624046 0.146259 0.623562 0.146607 0.623138 0.147031 0.622790 0.147515 0.622532 0.148040 0.622373 0.148586 0.622319 0.149131 0.622373 0.149656 0.622532 0.150140 0.622790 0.150564 0.623138 0.150912 0.623562 0.151170 0.624046 0.151330 0.624571
0 0.160709 0.630401 0.160661 0.631068 0.160519 0.631710 0.160290 0.632301 0.159980 0.632819 0.159604 0.633244 0.159174 0.633560 0.158707 0.633755 0.158222 0.633820 0.157737 0.633755 0.157270 0.633560 0.156840 0.633244 0.156464 0.632819 0.156154 0.632301 0.155924 0.631710 0.155783 0.631068 0.155735 0.630401 0.155783 0.629734 0.155924 0.629092 0.156154 0.628501 0.156464 0.627983 0.156840 0.627558 0.157270 0.627242 0.157737 0.627047 0.158222 0.626982 0.158707 0.627047 0.159174 0.627242 0.159604 0.627558 0.159980 0.627983 0.160290 0.628501 0.160519 0.629092 0.160661 0.629734
0 0.318931 0.694747 0.318835 0.695596 0.318552 0.696412 0.318092 0.697164 0.317474 0.697824 0.316720 0.698365 0.315860 0.698767 0.314927 0.699015 0.313957 0.699099 0.312987 0.699015 0.312054 0.698767 0.311194 0.698365 0.310440 0.697824 0.309822 0.697164 0.309362 0.696412 0.309079 0.695596 0.308984 0.694747 0.309079 0.693898 0.309362 0.693081 0.309822 0.692329 0.310440 0.691669 0.311194 0.691128 0.312054 0.690726 0.312987 0.690478 0.313957 0.690395 0.314927 0.690478 0.315860 0.690726 0.316720 0.691128 0.317474 0.691669 0.318092 0.692329 0.318552 0.693081 0.318835 0.693898
0 0.273858 0.768107 0.273780 0.768835 0.273550 0.769534 0.273177 0.770179 0.272674 0.770745 0.272062 0.771208 0.271363 0.771553 0.270605 0.771765 0.269817 0.771837 0.269028 0.771765 0.268270 0.771553 0.267572 0.771208 0.266959 0.770745 0.266457 0.770179 0.266083 0.769534 0.265853 0.768835 0.265776 0.768107 0.265853 0.767379 0.266083 0.766679 0.266457 0.766035 0.266959 0.765469 0.267572 0.765005 0.268270 0.764661 0.269028 0.764448 0.269817 0.764377 0.270605 0.764448 0.271363 0.764661 0.272062 0.765005 0.272674 0.765469 0.273177 0.766035 0.273550 0.766679 0.273780 0.767379
0 0.264843 0.787380 0.264718 0.788107 0.264346 0.788807 0.263743 0.789452 0.262931 0.790017 0.261942 0.790481 0.260813 0.790826 0.259589 0.791038 0.258315 0.791110 0.257042 0.791038 0.255817 0.790826 0.254689 0.790481 0.253699 0.790017 0.252888 0.789452 0.252284 0.788807 0.251913 0.788107 0.251787 0.787380 0.251913 0.786652 0.252284 0.785952 0.252888 0.785307 0.253699 0.784742 0.254689 0.784278 0.255817 0.783933 0.257042 0.783721 0.258315 0.783649 0.259589 0.783721 0.260813 0.783933 0.261942 0.784278 0.262931 0.784742 0.263743 0.785307 0.264346 0.785952 0.264718 0.786652
0 0.528443 0.691016 0.528275 0.692775 0.527780 0.694466 0.526976 0.696025 0.525893 0.697391 0.524574 0.698512 0.523070 0.699345 0.521437 0.699858 0.519739 0.700031 0.518041 0.699858 0.516408 0.699345 0.514903 0.698512 0.513584 0.697391 0.512502 0.696025 0.511698 0.694466 0.511202 0.692775 0.511035 0.691016 0.511202 0.689258 0.511698 0.687567 0.512502 0.686008 0.513584 0.684642 0.514903 0.683521 0.516408 0.682688 0.518041 0.682175 0.519739 0.682002 0.521437 0.682175 0.523070 0.682688 0.524574 0.683521 0.525893 0.684642 0.526976 0.686008 0.527780 0.687567 0.528275 0.689258
0 0.515076 0.668014 0.515016 0.668681 0.514840 0.669322 0.514552 0.669913 0.514166 0.670432 0.513695 0.670857 0.513157 0.671173 0.512574 0.671367 0.511968 0.671433 0.511361 0.671367 0.510778 0.671173 0.510241 0.670857 0.509770 0.670432 0.509383 0.669913 0.509096 0.669322 0.508919 0.668681 0.508859 0.668014 0.508919 0.667347 0.509096 0.666705 0.509383 0.666114 0.509770 0.665596 0.510241 0.665171 0.510778 0.664855 0.511361 0.664660 0.511968 0.664594 0.512574 0.664660 0.513157 0.664855 0.513695 0.665171 0.514166 0.665596 0.514552 0.666114 0.514840 0.666705 0.515016 0.667347
0 0.304321 0.769039 0.304243 0.769767 0.304013 0.770467 0.303640 0.771112 0.303137 0.771677 0.302525 0.772141 0.301826 0.772486 0.301068 0.772698 0.300280 0.772770 0.299491 0.772698 0.298733 0.772486 0.298035 0.772141 0.297422 0.771677 0.296920 0.771112 0.296546 0.770467 0.296316 0.769767 0.296239 0.769039 0.296316 0.768312 0.296546 0.767612 0.296920 0.766967 0.297422 0.766402 0.298035 0.765938 0.298733 0.765593 0.299491 0.765381 0.300280 0.765309 0.301068 0.765381 0.301826 0.765593 0.302525 0.765938 0.303137 0.766402 0.303640 0.766967 0.304013 0.767612 0.304243 0.768312
0 0.438777 0.867767 0.437004 0.870013 0.435089 0.872023 0.433107 0.873719 0.431133 0.875035 0.429243 0.875921 0.427510 0.876344 0.426000 0.876286 0.424772 0.875750 0.423872 0.874757 0.423336 0.873345 0.423183 0.871568 0.423420 0.869494 0.424038 0.867203 0.425012 0.864783 0.426306 0.862327 0.427869 0.859930 0.429642 0.857683 0.431557 0.855674 0.433539 0.853978 0.435513 0.852662 0.437403 0.851775 0.439136 0.851353 0.440646 0.851411 0.441874 0.851946 0.442774 0.852939 0.443310 0.854352 0.443463 0.856129 0.443226 0.858203 0.442608 0.860494 0.441634 0.862914 0.440340 0.865369
0 0.520361 0.772148 0.520307 0.772694 0.520148 0.773219 0.519889 0.773702 0.519541 0.774126 0.519117 0.774474 0.518634 0.774733 0.518109 0.774892 0.517563 0.774946 0.517017 0.774892 0.516492 0.774733 0.516009 0.774474 0.515585 0.774126 0.515237 0.773702 0.514978 0.773219 0.514819 0.772694 0.514765 0.772148 0.514819 0.771602 0.514978 0.771077 0.515237 0.770594 0.515585 0.770170 0.516009 0.769822 0.516492 0.769563 0.517017 0.769404 0.517563 0.769350 0.518109 0.769404 0.518634 0.769563 0.519117 0.769822 0.519541 0.770170 0.519889 0.770594 0.520148 0.771077 0.520307 0.771602
0 0.520671 0.783028 0.520618 0.783695 0.520458 0.784336 0.520200 0.784927 0.519852 0.785446 0.519428 0.785871 0.518944 0.786187 0.518420 0.786381 0.517874 0.786447 0.517328 0.786381 0.516803 0.786187 0.516320 0.785871 0.515896 0.785446 0.515548 0.784927 0.515289 0.784336 0.515130 0.783695 0.515076 0.783028 0.515130 0.782361 0.515289 0.781719 0.515548 0.781128 0.515896 0.780610 0.516320 0.780185 0.516803 0.779869 0.517328 0.779674 0.517874 0.779608 0.518420 0.779674 0.518944 0.779869 0.519428 0.780185 0.519852 0.780610 0.520200 0.781128 0.520458 0.781719 0.520618 0.782361
0 0.577868 0.814423 0.577802 0.815212 0.577607 0.815970 0.577291 0.816668 0.576866 0.817281 0.576348 0.817783 0.575757 0.818157 0.575115 0.818387 0.574448 0.818464 0.573781 0.818387 0.573140 0.818157 0.572549 0.817783 0.572030 0.817281 0.571605 0.816668 0.571289 0.815970 0.571095 0.815212 0.571029 0.814423 0.571095 0.813635 0.571289 0.812877 0.571605 0.812178 0.572030 0.811566 0.572549 0.811063 0.573140 0.810690 0.573781 0.810460 0.574448 0.810382 0.575115 0.810460 0.575757 0.810690 0.576348 0.811063 0.576866 0.811566 0.577291 0.812178 0.577607 0.812877 0.577802 0.813635
0 0.627999 0.819354 0.628891 0.820480 0.629625 0.821672 0.630175 0.822884 0.630518 0.824070 0.630642 0.825184 0.630542 0.826182 0.630221 0.827028 0.629692 0.827687 0.628975 0.828136 0.628098 0.828356 0.627094 0.828340 0.626003 0.828087 0.624865 0.827608 0.623725 0.826921 0.622627 0.826052 0.621613 0.825035 0.620721 0.823909 0.619986 0.822717 0.619436 0.821505 0.619093 0.820319 0.618969 0.819206 0.619070 0.818207 0.619391 0.817362 0.619920 0.816702 0.620637 0.816253 0.621514 0.816033 0.622517 0.816050 0.623609 0.816302 0.624746 0.816781 0.625886 0.817469 0.626984 0.818337
0 0.613421 0.851138 0.613355 0.848154 0.613513 0.845271 0.613891 0.842600 0.614473 0.840244 0.615237 0.838294 0.616154 0.836824 0.617188 0.835890 0.618300 0.835530 0.619447 0.835756 0.620585 0.836559 0.621670 0.837910 0.622660 0.839756 0.623518 0.842026 0.624211 0.844633 0.624711 0.847476 0.625000 0.850447 0.625066 0.853432 0.624908 0.856314 0.624530 0.858985 0.623948 0.861341 0.623184 0.863291 0.622267 0.864762 0.621233 0.865695 0.620121 0.866056 0.618974 0.865830 0.617836 0.865026 0.616751 0.863675 0.615761 0.861829 0.614903 0.859559 0.614210 0.856953 0.613710 0.854109
0 0.517563 0.851104 0.517515 0.851771 0.517374 0.852412 0.517144 0.853003 0.516835 0.853521 0.516458 0.853947 0.516028 0.854263 0.515561 0.854457 0.515076 0.854523 0.514591 0.854457 0.514125 0.854263 0.513695 0.853947 0.513318 0.853521 0.513008 0.853003 0.512779 0.852412 0.512637 0.851771 0.512589 0.851104 0.512637 0.850436 0.512779 0.849795 0.513008 0.849204 0.513318 0.848686 0.513695 0.848260 0.514125 0.847944 0.514591 0.847750 0.515076 0.847684 0.515561 0.847750 0.516028 0.847944 0.516458 0.848260 0.516835 0.848686 0.517144 0.849204 0.517374 0.849795 0.517515 0.850436
0 0.533727 0.753808 0.533679 0.754414 0.533538 0.754997 0.533308 0.755535 0.532999 0.756006 0.532622 0.756393 0.532192 0.756680 0.531725 0.756857 0.531240 0.756916 0.530755 0.756857 0.530289 0.756680 0.529859 0.756393 0.529482 0.756006 0.529173 0.755535 0.528943 0.754997 0.528801 0.754414 0.528753 0.753808 0.528801 0.753201 0.528943 0.752618 0.529173 0.752081 0.529482 0.751610 0.529859 0.751223 0.530289 0.750936 0.530755 0.750759 0.531240 0.750699 0.531725 0.750759 0.532192 0.750936 0.532622 0.751223 0.532999 0.751610 0.533308 0.752081 0.533538 0.752618 0.533679 0.753201
0 0.528443 0.740131 0.528389 0.740676 0.528230 0.741201 0.527971 0.741685 0.527623 0.742109 0.527199 0.742457 0.526716 0.742715 0.526191 0.742874 0.525645 0.742928 0.525099 0.742874 0.524574 0.742715 0.524091 0.742457 0.523667 0.742109 0.523319 0.741685 0.523060 0.741201 0.522901 0.740676 0.522847 0.740131 0.522901 0.739585 0.523060 0.739060 0.523319 0.738576 0.523667 0.738152 0.524091 0.737804 0.524574 0.737546 0.525099 0.737387 0.525645 0.737333 0.526191 0.737387 0.526716 0.737546 0.527199 0.737804 0.527623 0.738152 0.527971 0.738576 0.528230 0.739060 0.528389 0.739585
0 0.524091 0.764688 0.524055 0.765173 0.523949 0.765639 0.523776 0.766069 0.523544 0.766446 0.523262 0.766755 0.522939 0.766985 0.522590 0.767127 0.522226 0.767174 0.521862 0.767127 0.521512 0.766985 0.521189 0.766755 0.520907 0.766446 0.520675 0.766069 0.520503 0.765639 0.520396 0.765173 0.520361 0.764688 0.520396 0.764202 0.520503 0.763736 0.520675 0.763306 0.520907 0.762929 0.521189 0.762620 0.521512 0.762390 0.521862 0.762249 0.522226 0.762201 0.522590 0.762249 0.522939 0.762390 0.523262 0.762620 0.523544 0.762929 0.523776 0.763306 0.523949 0.763736 0.524055 0.764202
0 0.766553 0.714952 0.766433 0.716165 0.766079 0.717331 0.765505 0.718406 0.764732 0.719348 0.763790 0.720121 0.762715 0.720696 0.761549 0.721049 0.760336 0.721169 0.759123 0.721049 0.757957 0.720696 0.756882 0.720121 0.755940 0.719348 0.755166 0.718406 0.754592 0.717331 0.754238 0.716165 0.754119 0.714952 0.754238 0.713739 0.754592 0.712573 0.755166 0.711498 0.755940 0.710556 0.756882 0.709783 0.757957 0.709208 0.759123 0.708854 0.760336 0.708735 0.761549 0.708854 0.762715 0.709208 0.763790 0.709783 0.764732 0.710556 0.765505 0.711498 0.766079 0.712573 0.766433 0.713739
0 0.796085 0.769181 0.795233 0.771417 0.794257 0.773514 0.793197 0.775391 0.792092 0.776976 0.790985 0.778209 0.789919 0.779041 0.788935 0.779441 0.788070 0.779394 0.787357 0.778901 0.786825 0.777981 0.786493 0.776670 0.786374 0.775018 0.786474 0.773088 0.786787 0.770955 0.787302 0.768701 0.787999 0.766411 0.788852 0.764175 0.789827 0.762078 0.790888 0.760201 0.791993 0.758616 0.793099 0.757383 0.794165 0.756551 0.795150 0.756151 0.796015 0.756198 0.796727 0.756691 0.797260 0.757611 0.797592 0.758922 0.797710 0.760574 0.797611 0.762504 0.797298 0.764637 0.796783 0.766892
0 0.458813 0.416537 0.458627 0.419145 0.458079 0.421652 0.457189 0.423963 0.455990 0.425989 0.454530 0.427651 0.452864 0.428886 0.451056 0.429647 0.449176 0.429904 0.447296 0.429647 0.445489 0.428886 0.443823 0.427651 0.442362 0.425989 0.441164 0.423963 0.440273 0.421652 0.439725 0.419145 0.439540 0.416537 0.439725 0.413929 0.440273 0.411422 0.441164 0.409111 0.442362 0.407086 0.443823 0.405423 0.445489 0.404188 0.447296 0.403427 0.449176 0.403171 0.451056 0.403427 0.452864 0.404188 0.454530 0.405423 0.455990 0.407086 0.457189 0.409111 0.458079 0.411422 0.458627 0.413929
0 0.545539 0.308984 0.545444 0.310014 0.545161 0.311006 0.544701 0.311919 0.544083 0.312720 0.543329 0.313377 0.542469 0.313866 0.541536 0.314166 0.540566 0.314268 0.539595 0.314166 0.538662 0.313866 0.537803 0.313377 0.537049 0.312720 0.536430 0.311919 0.535971 0.311006 0.535688 0.310014 0.535592 0.308984 0.535688 0.307953 0.535971 0.306961 0.536430 0.306048 0.537049 0.305247 0.537803 0.304590 0.538662 0.304101 0.539595 0.303801 0.540566 0.303699 0.541536 0.303801 0.542469 0.304101 0.543329 0.304590 0.544083 0.305247 0.544701 0.306048 0.545161 0.306961 0.545444 0.307953
0 0.557973 0.301212 0.557914 0.301819 0.557737 0.302402 0.557449 0.302939 0.557063 0.303410 0.556592 0.303797 0.556054 0.304084 0.555471 0.304261 0.554865 0.304321 0.554258 0.304261 0.553675 0.304084 0.553138 0.303797 0.552667 0.303410 0.552280 0.302939 0.551993 0.302402 0.551816 0.301819 0.551756 0.301212 0.551816 0.300606 0.551993 0.300023 0.552280 0.299485 0.552667 0.299014 0.553138 0.298628 0.553675 0.298340 0.554258 0.298164 0.554865 0.298104 0.555471 0.298164 0.556054 0.298340 0.556592 0.298628 0.557063 0.299014 0.557449 0.299485 0.557737 0.300023 0.557914 0.300606
0 0.548026 0.301523 0.547966 0.302190 0.547789 0.302832 0.547502 0.303423 0.547116 0.303941 0.546645 0.304366 0.546107 0.304682 0.545524 0.304877 0.544918 0.304942 0.544311 0.304877 0.543728 0.304682 0.543191 0.304366 0.542720 0.303941 0.542333 0.303423 0.542046 0.302832 0.541869 0.302190 0.541809 0.301523 0.541869 0.300856 0.542046 0.300215 0.542333 0.299623 0.542720 0.299105 0.543191 0.298680 0.543728 0.298364 0.544311 0.298170 0.544918 0.298104 0.545524 0.298170 0.546107 0.298364 0.546645 0.298680 0.547116 0.299105 0.547502 0.299623 0.547789 0.300215 0.547966 0.300856
0 0.553000 0.301212 0.552934 0.302001 0.552739 0.302759 0.552423 0.303457 0.551998 0.304070 0.551480 0.304572 0.550889 0.304946 0.550247 0.305176 0.549580 0.305253 0.548913 0.305176 0.548272 0.304946 0.547681 0.304572 0.547163 0.304070 0.546737 0.303457 0.546421 0.302759 0.546227 0.302001 0.546161 0.301212 0.546227 0.300424 0.546421 0.299666 0.546737 0.298967 0.547163 0.298355 0.547681 0.297852 0.548272 0.297479 0.548913 0.297249 0.549580 0.297171 0.550247 0.297249 0.550889 0.297479 0.551480 0.297852 0.551998 0.298355 0.552423 0.298967 0.552739 0.299666 0.552934 0.300424
0 0.697233 0.398819 0.697138 0.400092 0.696855 0.401317 0.696395 0.402445 0.695777 0.403435 0.695023 0.404246 0.694163 0.404850 0.693230 0.405221 0.692260 0.405347 0.691290 0.405221 0.690357 0.404850 0.689497 0.404246 0.688743 0.403435 0.688124 0.402445 0.687665 0.401317 0.687382 0.400092 0.687286 0.398819 0.687382 0.397545 0.687665 0.396321 0.688124 0.395192 0.688743 0.394203 0.689497 0.393391 0.690357 0.392788 0.691290 0.392416 0.692260 0.392291 0.693230 0.392416 0.694163 0.392788 0.695023 0.393391 0.695777 0.394203 0.696395 0.395192 0.696855 0.396321 0.697138 0.397545
0 0.705005 0.392291 0.704921 0.393564 0.704673 0.394789 0.704271 0.395918 0.703730 0.396907 0.703071 0.397719 0.702318 0.398322 0.701502 0.398693 0.700653 0.398819 0.699804 0.398693 0.698987 0.398322 0.698235 0.397719 0.697576 0.396907 0.697034 0.395918 0.696632 0.394789 0.696385 0.393564 0.696301 0.392291 0.696385 0.391017 0.696632 0.389793 0.697034 0.388664 0.697576 0.387675 0.698235 0.386863 0.698987 0.386260 0.699804 0.385889 0.700653 0.385763 0.701502 0.385889 0.702318 0.386260 0.703071 0.386863 0.703730 0.387675 0.704271 0.388664 0.704673 0.389793 0.704921 0.391017
0 0.709667 0.368356 0.709602 0.369872 0.709407 0.371330 0.709091 0.372673 0.708666 0.373851 0.708148 0.374817 0.707557 0.375535 0.706915 0.375978 0.706248 0.376127 0.705581 0.375978 0.704940 0.375535 0.704348 0.374817 0.703830 0.373851 0.703405 0.372673 0.703089 0.371330 0.702894 0.369872 0.702829 0.368356 0.702894 0.366840 0.703089 0.365382 0.703405 0.364038 0.703830 0.362861 0.704348 0.361894 0.704940 0.361176 0.705581 0.360734 0.706248 0.360584 0.706915 0.360734 0.707557 0.361176 0.708148 0.361894 0.708666 0.362861 0.709091 0.364038 0.709407 0.365382 0.709602 0.366840
0 0.710911 0.443892 0.710851 0.444741 0.710674 0.445557 0.710387 0.446310 0.710000 0.446969 0.709529 0.447510 0.708992 0.447912 0.708409 0.448160 0.707802 0.448244 0.707196 0.448160 0.706613 0.447912 0.706075 0.447510 0.705604 0.446969 0.705218 0.446310 0.704930 0.445557 0.704754 0.444741 0.704694 0.443892 0.704754 0.443043 0.704930 0.442226 0.705218 0.441474 0.705604 0.440815 0.706075 0.440273 0.706613 0.439871 0.707196 0.439624 0.707802 0.439540 0.708409 0.439624 0.708992 0.439871 0.709529 0.440273 0.710000 0.440815 0.710387 0.441474 0.710674 0.442226 0.710851 0.443043
0 0.817221 0.607398 0.817137 0.608126 0.816890 0.608826 0.816488 0.609471 0.815946 0.610036 0.815287 0.610500 0.814535 0.610844 0.813718 0.611057 0.812869 0.611128 0.812020 0.611057 0.811204 0.610844 0.810451 0.610500 0.809792 0.610036 0.809251 0.609471 0.808849 0.608826 0.808601 0.608126 0.808517 0.607398 0.808601 0.606670 0.808849 0.605971 0.809251 0.605326 0.809792 0.604761 0.810451 0.604297 0.811204 0.603952 0.812020 0.603740 0.812869 0.603668 0.813718 0.603740 0.814535 0.603952 0.815287 0.604297 0.815946 0.604761 0.816488 0.605326 0.816890 0.605971 0.817137 0.606670
0 0.826236 0.618589 0.826176 0.619377 0.825999 0.620135 0.825712 0.620834 0.825325 0.621446 0.824854 0.621949 0.824317 0.622322 0.823734 0.622552 0.823127 0.622630 0.822521 0.622552 0.821938 0.622322 0.821400 0.621949 0.820929 0.621446 0.820543 0.620834 0.820255 0.620135 0.820078 0.619377 0.820019 0.618589 0.820078 0.617800 0.820255 0.617042 0.820543 0.616344 0.820929 0.615731 0.821400 0.615229 0.821938 0.614855 0.822521 0.614625 0.823127 0.614548 0.823734 0.614625 0.824317 0.614855 0.824854 0.615229 0.825325 0.615731 0.825712 0.616344 0.825999 0.617042 0.826176 0.617800
0 0.827951 0.561666 0.827953 0.560814 0.828295 0.559925 0.828963 0.559033 0.829933 0.558171 0.831168 0.557374 0.832618 0.556671 0.834230 0.556090 0.835940 0.555653 0.837684 0.555377 0.839394 0.555272 0.841005 0.555343 0.842454 0.555587 0.843685 0.555993 0.844653 0.556548 0.845319 0.557229 0.845658 0.558011 0.845656 0.558862 0.845314 0.559751 0.844646 0.560644 0.843676 0.561505 0.842441 0.562303 0.840991 0.563006 0.839379 0.563587 0.837669 0.564024 0.835925 0.564300 0.834215 0.564405 0.832604 0.564334 0.831155 0.564090 0.829923 0.563683 0.828956 0.563129 0.828290 0.562447
0 0.818154 0.387628 0.818070 0.388356 0.817822 0.389056 0.817420 0.389701 0.816879 0.390266 0.816219 0.390730 0.815467 0.391074 0.814651 0.391287 0.813802 0.391358 0.812953 0.391287 0.812136 0.391074 0.811384 0.390730 0.810724 0.390266 0.810183 0.389701 0.809781 0.389056 0.809533 0.388356 0.809450 0.387628 0.809533 0.386901 0.809781 0.386201 0.810183 0.385556 0.810724 0.384991 0.811384 0.384527 0.812136 0.384182 0.812953 0.383970 0.813802 0.383898 0.814651 0.383970 0.815467 0.384182 0.816219 0.384527 0.816879 0.384991 0.817420 0.385556 0.817822 0.386201 0.818070 0.386901
0 0.740752 0.295617 0.740627 0.296951 0.740255 0.298234 0.739652 0.299416 0.738840 0.300453 0.737851 0.301303 0.736723 0.301935 0.735498 0.302324 0.734224 0.302456 0.732951 0.302324 0.731726 0.301935 0.730598 0.301303 0.729609 0.300453 0.728797 0.299416 0.728194 0.298234 0.727822 0.296951 0.727697 0.295617 0.727822 0.294283 0.728194 0.293000 0.728797 0.291818 0.729609 0.290781 0.730598 0.289931 0.731726 0.289299 0.732951 0.288910 0.734224 0.288778 0.735498 0.288910 0.736723 0.289299 0.737851 0.289931 0.738840 0.290781 0.739652 0.291818 0.740255 0.293000 0.740627 0.294283
0 0.667081 0.244016 0.666920 0.245654 0.666442 0.247228 0.665667 0.248679 0.664623 0.249951 0.663351 0.250995 0.661900 0.251770 0.660326 0.252248 0.658688 0.252409 0.657051 0.252248 0.655476 0.251770 0.654025 0.250995 0.652754 0.249951 0.651710 0.248679 0.650934 0.247228 0.650457 0.245654 0.650295 0.244016 0.650457 0.242379 0.650934 0.240804 0.651710 0.239353 0.652754 0.238081 0.654025 0.237038 0.655476 0.236262 0.657051 0.235785 0.658688 0.235623 0.660326 0.235785 0.661900 0.236262 0.663351 0.237038 0.664623 0.238081 0.665667 0.239353 0.666442 0.240804 0.666920 0.242379
0 0.709046 0.250855 0.708980 0.251583 0.708785 0.252282 0.708469 0.252927 0.708044 0.253492 0.707526 0.253956 0.706935 0.254301 0.706293 0.254513 0.705626 0.254585 0.704959 0.254513 0.704318 0.254301 0.703727 0.253956 0.703209 0.253492 0.702783 0.252927 0.702467 0.252282 0.702273 0.251583 0.702207 0.250855 0.702273 0.250127 0.702467 0.249427 0.702783 0.248782 0.703209 0.248217 0.703727 0.247753 0.704318 0.247409 0.704959 0.247196 0.705626 0.247125 0.706293 0.247196 0.706935 0.247409 0.707526 0.247753 0.708044 0.248217 0.708469 0.248782 0.708785 0.249427 0.708980 0.250127
0 0.709627 0.244989 0.710170 0.243643 0.710824 0.242394 0.711566 0.241291 0.712366 0.240377 0.713194 0.239686 0.714018 0.239245 0.714806 0.239071 0.715528 0.239171 0.716156 0.239541 0.716666 0.240166 0.717039 0.241023 0.717259 0.242078 0.717320 0.243292 0.717217 0.244617 0.716956 0.246002 0.716547 0.247395 0.716004 0.248742 0.715349 0.249990 0.714607 0.251093 0.713807 0.252007 0.712979 0.252698 0.712156 0.253139 0.711368 0.253313 0.710646 0.253213 0.710018 0.252844 0.709508 0.252218 0.709135 0.251362 0.708914 0.250306 0.708854 0.249093 0.708956 0.247768 0.709217 0.246382
0 0.667392 0.354057 0.667123 0.356240 0.666327 0.358339 0.665035 0.360274 0.663295 0.361969 0.661175 0.363361 0.658757 0.364395 0.656133 0.365032 0.653404 0.365247 0.650675 0.365032 0.648051 0.364395 0.645632 0.363361 0.643513 0.361969 0.641773 0.360274 0.640480 0.358339 0.639684 0.356240 0.639416 0.354057 0.639684 0.351873 0.640480 0.349774 0.641773 0.347839 0.643513 0.346144 0.645632 0.344752 0.648051 0.343718 0.650675 0.343081 0.653404 0.342866 0.656133 0.343081 0.658757 0.343718 0.661175 0.344752 0.663295 0.346144 0.665035 0.347839 0.666327 0.349774 0.667123 0.351873
0 0.599627 0.202984 0.599543 0.204076 0.599296 0.205125 0.598894 0.206093 0.598352 0.206941 0.597693 0.207636 0.596940 0.208154 0.596124 0.208472 0.595275 0.208579 0.594426 0.208472 0.593610 0.208154 0.592857 0.207636 0.592198 0.206941 0.591657 0.206093 0.591254 0.205125 0.591007 0.204076 0.590923 0.202984 0.591007 0.201893 0.591254 0.200843 0.591657 0.199876 0.592198 0.199028 0.592857 0.198332 0.593610 0.197815 0.594426 0.197496 0.595275 0.197389 0.596124 0.197496 0.596940 0.197815 0.597693 0.198332 0.598352 0.199028 0.598894 0.199876 0.599296 0.200843 0.599543 0.201893
0 0.557337 0.179520 0.557802 0.180976 0.558106 0.182429 0.558238 0.183824 0.558192 0.185108 0.557971 0.186230 0.557583 0.187148 0.557042 0.187826 0.556370 0.188239 0.555593 0.188370 0.554739 0.188215 0.553843 0.187779 0.552938 0.187079 0.552059 0.186143 0.551241 0.185005 0.550514 0.183710 0.549906 0.182308 0.549441 0.180852 0.549137 0.179399 0.549005 0.178003 0.549051 0.176720 0.549272 0.175598 0.549660 0.174680 0.550200 0.174001 0.550872 0.173589 0.551650 0.173457 0.552504 0.173613 0.553400 0.174049 0.554305 0.174748 0.555183 0.175685 0.556002 0.176823 0.556729 0.178117
0 0.517252 0.203295 0.517139 0.204326 0.516803 0.205317 0.516257 0.206231 0.515522 0.207032 0.514627 0.207689 0.513606 0.208177 0.512498 0.208478 0.511346 0.208579 0.510194 0.208478 0.509086 0.208177 0.508065 0.207689 0.507170 0.207032 0.506435 0.206231 0.505889 0.205317 0.505553 0.204326 0.505440 0.203295 0.505553 0.202264 0.505889 0.201273 0.506435 0.200359 0.507170 0.199558 0.508065 0.198901 0.509086 0.198413 0.510194 0.198112 0.511346 0.198011 0.512498 0.198112 0.513606 0.198413 0.514627 0.198901 0.515522 0.199558 0.516257 0.200359 0.516803 0.201273 0.517139 0.202264
0 0.783156 0.239704 0.783570 0.241449 0.783844 0.243160 0.783967 0.244773 0.783934 0.246226 0.783747 0.247462 0.783413 0.248434 0.782944 0.249105 0.782360 0.249449 0.781681 0.249453 0.780935 0.249117 0.780150 0.248453 0.779356 0.247488 0.778584 0.246257 0.777862 0.244809 0.777220 0.243199 0.776682 0.241489 0.776268 0.239745 0.775995 0.238034 0.775872 0.236421 0.775905 0.234968 0.776092 0.233732 0.776426 0.232760 0.776894 0.232088 0.777479 0.231744 0.778157 0.231740 0.778903 0.232077 0.779688 0.232740 0.780482 0.233706 0.781255 0.234937 0.781976 0.236385 0.782618 0.237995
0 0.770594 0.254896 0.770522 0.256351 0.770310 0.257751 0.769965 0.259041 0.769501 0.260171 0.768936 0.261099 0.768291 0.261788 0.767591 0.262213 0.766864 0.262356 0.766136 0.262213 0.765436 0.261788 0.764791 0.261099 0.764226 0.260171 0.763762 0.259041 0.763417 0.257751 0.763205 0.256351 0.763133 0.254896 0.763205 0.253440 0.763417 0.252041 0.763762 0.250751 0.764226 0.249621 0.764791 0.248693 0.765436 0.248003 0.766136 0.247579 0.766864 0.247435 0.767591 0.247579 0.768291 0.248003 0.768936 0.248693 0.769501 0.249621 0.769965 0.250751 0.770310 0.252041 0.770522 0.253440
0 0.763755 0.253342 0.763665 0.254373 0.763400 0.255364 0.762969 0.256277 0.762389 0.257078 0.761683 0.257735 0.760877 0.258224 0.760002 0.258525 0.759092 0.258626 0.758183 0.258525 0.757308 0.258224 0.756502 0.257735 0.755795 0.257078 0.755215 0.256277 0.754785 0.255364 0.754519 0.254373 0.754430 0.253342 0.754519 0.252311 0.754785 0.251319 0.755215 0.250406 0.755795 0.249605 0.756502 0.248948 0.757308 0.248459 0.758183 0.248159 0.759092 0.248057 0.760002 0.248159 0.760877 0.248459 0.761683 0.248948 0.762389 0.249605 0.762969 0.250406 0.763400 0.251319 0.763665 0.252311
0 0.757538 0.251166 0.757443 0.252136 0.757159 0.253069 0.756700 0.253929 0.756081 0.254683 0.755328 0.255301 0.754468 0.255761 0.753535 0.256044 0.752565 0.256139 0.751594 0.256044 0.750661 0.255761 0.749801 0.255301 0.749048 0.254683 0.748429 0.253929 0.747970 0.253069 0.747686 0.252136 0.747591 0.251166 0.747686 0.250195 0.747970 0.249262 0.748429 0.248403 0.749048 0.247649 0.749801 0.247030 0.750661 0.246571 0.751594 0.246288 0.752565 0.246192 0.753535 0.246288 0.754468 0.246571 0.755328 0.247030 0.756081 0.247649 0.756700 0.248403 0.757159 0.249262 0.757443 0.250195
0 0.743550 0.241219 0.743502 0.241825 0.743361 0.242408 0.743131 0.242946 0.742822 0.243417 0.742445 0.243803 0.742015 0.244090 0.741548 0.244267 0.741063 0.244327 0.740578 0.244267 0.740111 0.244090 0.739682 0.243803 0.739305 0.243417 0.738995 0.242946 0.738766 0.242408 0.738624 0.241825 0.738576 0.241219 0.738624 0.240612 0.738766 0.240029 0.738995 0.239492 0.739305 0.239020 0.739682 0.238634 0.740111 0.238347 0.740578 0.238170 0.741063 0.238110 0.741548 0.238170 0.742015 0.238347 0.742445 0.238634 0.742822 0.239020 0.743131 0.239492 0.743361 0.240029 0.743502 0.240612
0 0.748213 0.247435 0.748159 0.248103 0.748000 0.248744 0.747741 0.249335 0.747393 0.249853 0.746969 0.250279 0.746486 0.250595 0.745961 0.250789 0.745415 0.250855 0.744869 0.250789 0.744344 0.250595 0.743861 0.250279 0.743437 0.249853 0.743089 0.249335 0.742830 0.248744 0.742671 0.248103 0.742617 0.247435 0.742671 0.246768 0.742830 0.246127 0.743089 0.245536 0.743437 0.245018 0.743861 0.244592 0.744344 0.244276 0.744869 0.244082 0.745415 0.244016 0.745961 0.244082 0.746486 0.244276 0.746969 0.244592 0.747393 0.245018 0.747741 0.245536 0.748000 0.246127 0.748159 0.246768
0 0.662729 0.298726 0.662646 0.299635 0.662398 0.300510 0.661996 0.301316 0.661455 0.302023 0.660795 0.302602 0.660043 0.303033 0.659226 0.303299 0.658377 0.303388 0.657528 0.303299 0.656712 0.303033 0.655960 0.302602 0.655300 0.302023 0.654759 0.301316 0.654357 0.300510 0.654109 0.299635 0.654025 0.298726 0.654109 0.297816 0.654357 0.296941 0.654759 0.296135 0.655300 0.295428 0.655960 0.294849 0.656712 0.294418 0.657528 0.294152 0.658377 0.294063 0.659226 0.294152 0.660043 0.294418 0.660795 0.294849 0.661455 0.295428 0.661996 0.296135 0.662398 0.296941 0.662646 0.297816
0 0.656512 0.304632 0.656453 0.305299 0.656276 0.305940 0.655988 0.306531 0.655602 0.307049 0.655131 0.307475 0.654593 0.307791 0.654010 0.307985 0.653404 0.308051 0.652797 0.307985 0.652214 0.307791 0.651677 0.307475 0.651206 0.307049 0.650819 0.306531 0.650532 0.305940 0.650355 0.305299 0.650295 0.304632 0.650355 0.303965 0.650532 0.303323 0.650819 0.302732 0.651206 0.302214 0.651677 0.301789 0.652214 0.301473 0.652797 0.301278 0.653404 0.301212 0.654010 0.301278 0.654593 0.301473 0.655131 0.301789 0.655602 0.302214 0.655988 0.302732 0.656276 0.303323 0.656453 0.303965
0 0.648430 0.311159 0.648388 0.311766 0.648265 0.312349 0.648064 0.312886 0.647793 0.313357 0.647463 0.313744 0.647087 0.314031 0.646679 0.314208 0.646254 0.314268 0.645830 0.314208 0.645422 0.314031 0.645045 0.313744 0.644716 0.313357 0.644445 0.312886 0.644244 0.312349 0.644120 0.311766 0.644078 0.311159 0.644120 0.310553 0.644244 0.309970 0.644445 0.309432 0.644716 0.308961 0.645045 0.308575 0.645422 0.308288 0.645830 0.308111 0.646254 0.308051 0.646679 0.308111 0.647087 0.308288 0.647463 0.308575 0.647793 0.308961 0.648064 0.309432 0.648265 0.309970 0.648388 0.310553
0 0.620143 0.281940 0.620047 0.282667 0.619764 0.283367 0.619305 0.284012 0.618686 0.284577 0.617933 0.285041 0.617073 0.285386 0.616140 0.285598 0.615169 0.285670 0.614199 0.285598 0.613266 0.285386 0.612406 0.285041 0.611653 0.284577 0.611034 0.284012 0.610574 0.283367 0.610291 0.282667 0.610196 0.281940 0.610291 0.281212 0.610574 0.280512 0.611034 0.279867 0.611653 0.279302 0.612406 0.278838 0.613266 0.278493 0.614199 0.278281 0.615169 0.278210 0.616140 0.278281 0.617073 0.278493 0.617933 0.278838 0.618686 0.279302 0.619305 0.279867 0.619764 0.280512 0.620047 0.281212
0 0.607398 0.168169 0.607153 0.170534 0.606428 0.172808 0.605250 0.174904 0.603665 0.176741 0.601734 0.178249 0.599531 0.179369 0.597140 0.180059 0.594653 0.180292 0.592167 0.180059 0.589776 0.179369 0.587573 0.178249 0.585641 0.176741 0.584056 0.174904 0.582879 0.172808 0.582153 0.170534 0.581909 0.168169 0.582153 0.165804 0.582879 0.163530 0.584056 0.161434 0.585641 0.159597 0.587573 0.158089 0.589776 0.156969 0.592167 0.156279 0.594653 0.156046 0.597140 0.156279 0.599531 0.156969 0.601734 0.158089 0.603665 0.159597 0.605250 0.161434 0.606428 0.163530 0.607153 0.165804
0 0.622941 0.162263 0.622881 0.164143 0.622704 0.165951 0.622417 0.167617 0.622030 0.169077 0.621559 0.170275 0.621022 0.171166 0.620439 0.171714 0.619832 0.171899 0.619226 0.171714 0.618643 0.171166 0.618105 0.170275 0.617634 0.169077 0.617248 0.167617 0.616960 0.165951 0.616783 0.164143 0.616724 0.162263 0.616783 0.160383 0.616960 0.158575 0.617248 0.156909 0.617634 0.155449 0.618105 0.154251 0.618643 0.153360 0.619226 0.152812 0.619832 0.152627 0.620439 0.152812 0.621022 0.153360 0.621559 0.154251 0.622030 0.155449 0.622417 0.156909 0.622704 0.158575 0.622881 0.160383
0 0.511035 0.244638 0.510946 0.246033 0.510680 0.247374 0.510249 0.248610 0.509669 0.249693 0.508963 0.250582 0.508157 0.251243 0.507282 0.251650 0.506372 0.251787 0.505463 0.251650 0.504588 0.251243 0.503782 0.250582 0.503075 0.249693 0.502495 0.248610 0.502065 0.247374 0.501799 0.246033 0.501710 0.244638 0.501799 0.243243 0.502065 0.241902 0.502495 0.240666 0.503075 0.239582 0.503782 0.238693 0.504588 0.238033 0.505463 0.237626 0.506372 0.237488 0.507282 0.237626 0.508157 0.238033 0.508963 0.238693 0.509669 0.239582 0.510249 0.240666 0.510680 0.241902 0.510946 0.243243
0 0.403357 0.157705 0.404442 0.156268 0.405872 0.155110 0.407593 0.154274 0.409539 0.153793 0.411633 0.153685 0.413797 0.153955 0.415947 0.154592 0.417999 0.155571 0.419877 0.156855 0.421506 0.158395 0.422825 0.160132 0.423783 0.161998 0.424343 0.163922 0.424483 0.165830 0.424199 0.167648 0.423501 0.169308 0.422416 0.170745 0.420985 0.171903 0.419264 0.172739 0.417319 0.173220 0.415224 0.173328 0.413060 0.173058 0.410911 0.172421 0.408858 0.171442 0.406981 0.170157 0.405351 0.168617 0.404032 0.166881 0.403075 0.165015 0.402515 0.163091 0.402374 0.161183 0.402658 0.159364
0 0.434877 0.197078 0.434823 0.197624 0.434664 0.198149 0.434406 0.198632 0.434058 0.199056 0.433634 0.199404 0.433150 0.199663 0.432625 0.199822 0.432080 0.199876 0.431534 0.199822 0.431009 0.199663 0.430525 0.199404 0.430101 0.199056 0.429753 0.198632 0.429495 0.198149 0.429336 0.197624 0.429282 0.197078 0.429336 0.196532 0.429495 0.196007 0.429753 0.195524 0.430101 0.195100 0.430525 0.194752 0.431009 0.194493 0.431534 0.194334 0.432080 0.194280 0.432625 0.194334 0.433150 0.194493 0.433634 0.194752 0.434058 0.195100 0.434406 0.195524 0.434664 0.196007 0.434823 0.196532
0 0.434877 0.205160 0.434823 0.205767 0.434664 0.206350 0.434406 0.206887 0.434058 0.207358 0.433634 0.207745 0.433150 0.208032 0.432625 0.208209 0.432080 0.208269 0.431534 0.208209 0.431009 0.208032 0.430525 0.207745 0.430101 0.207358 0.429753 0.206887 0.429495 0.206350 0.429336 0.205767 0.429282 0.205160 0.429336 0.204554 0.429495 0.203971 0.429753 0.203433 0.430101 0.202962 0.430525 0.202575 0.431009 0.202288 0.431534 0.202111 0.432080 0.202052 0.432625 0.202111 0.433150 0.202288 0.433634 0.202575 0.434058 0.202962 0.434406 0.203433 0.434664 0.203971 0.434823 0.204554
0 0.326391 0.323904 0.326307 0.324693 0.326060 0.325451 0.325658 0.326149 0.325116 0.326762 0.324457 0.327264 0.323705 0.327638 0.322888 0.327868 0.322039 0.327945 0.321190 0.327868 0.320374 0.327638 0.319621 0.327264 0.318962 0.326762 0.318421 0.326149 0.318019 0.325451 0.317771 0.324693 0.317687 0.323904 0.317771 0.323116 0.318019 0.322358 0.318421 0.321659 0.318962 0.321047 0.319621 0.320544 0.320374 0.320171 0.321190 0.319941 0.322039 0.319863 0.322888 0.319941 0.323705 0.320171 0.324457 0.320544 0.325116 0.321047 0.325658 0.321659 0.326060 0.322358 0.326307 0.323116
0 0.232178 0.247176 0.232674 0.246115 0.233749 0.245200 0.235362 0.244466 0.237451 0.243942 0.239935 0.243648 0.242720 0.243595 0.245697 0.243785 0.248754 0.244211 0.251772 0.244856 0.254635 0.245696 0.257233 0.246699 0.259467 0.247825 0.261250 0.249032 0.262515 0.250274 0.263212 0.251501 0.263314 0.252668 0.262819 0.253730 0.261744 0.254645 0.260131 0.255379 0.258042 0.255903 0.255558 0.256197 0.252773 0.256250 0.249795 0.256060 0.246739 0.255634 0.243721 0.254988 0.240858 0.254148 0.238260 0.253146 0.236026 0.252019 0.234242 0.250812 0.232978 0.249571 0.232281 0.248343
0 0.441716 0.308051 0.441644 0.308657 0.441432 0.309241 0.441087 0.309778 0.440623 0.310249 0.440058 0.310636 0.439413 0.310923 0.438713 0.311100 0.437986 0.311159 0.437258 0.311100 0.436558 0.310923 0.435913 0.310636 0.435348 0.310249 0.434884 0.309778 0.434539 0.309241 0.434327 0.308657 0.434256 0.308051 0.434327 0.307445 0.434539 0.306861 0.434884 0.306324 0.435348 0.305853 0.435913 0.305466 0.436558 0.305179 0.437258 0.305002 0.437986 0.304942 0.438713 0.305002 0.439413 0.305179 0.440058 0.305466 0.440623 0.305853 0.441087 0.306324 0.441432 0.306861 0.441644 0.307445
0 0.774946 0.768729 0.772459 0.768107 0.770283 0.766553 0.769661 0.764066 0.770594 0.761579 0.770905 0.758781 0.771215 0.755673 0.771526 0.752565 0.771526 0.748834 0.771837 0.746348 0.772770 0.744482 0.774324 0.742617 0.776189 0.741685 0.779297 0.741374 0.780230 0.744172 0.781163 0.746037 0.782406 0.748523 0.782406 0.751010 0.783339 0.753497 0.782717 0.756606 0.783339 0.759403 0.781473 0.763755 0.779919 0.765931 0.777122 0.768418 0.774635 0.769039
0 0.771837 0.771837 0.770283 0.772459 0.769350 0.770905 0.769039 0.769350 0.769972 0.767796 0.770594 0.767485 0.771837 0.766864 0.773391 0.766864 0.774324 0.768418 0.774635 0.769661 0.773391 0.771215 0.771837 0.771837
0 0.709046 0.734224 0.711532 0.732670 0.712776 0.731427 0.713708 0.728629 0.711843 0.724588 0.709978 0.721790 0.705626 0.721480 0.703140 0.720858 0.700653 0.721790 0.700653 0.723656 0.701585 0.726142 0.701585 0.728007 0.703140 0.730494 0.704383 0.732048 0.704694 0.732670 0.707802 0.733603 0.709046 0.733603
0 0.878458 0.602425 0.878458 0.598073 0.878458 0.595586 0.879080 0.594032 0.879080 0.592477 0.879080 0.590302 0.878458 0.587815 0.878458 0.585950 0.878458 0.584706 0.878458 0.582841 0.879391 0.581909 0.881878 0.581598 0.883432 0.582841 0.885297 0.584706 0.885608 0.586571 0.886540 0.589369 0.886540 0.591856 0.886540 0.593721 0.886229 0.595275 0.885297 0.597762 0.885297 0.600249 0.885297 0.601181 0.883743 0.603046 0.881878 0.603979 0.879391 0.604601 0.878458 0.603046 0.878458 0.601803
0 0.867268 0.601803 0.869754 0.599938 0.870065 0.597451 0.870998 0.593721 0.871309 0.590612 0.870376 0.588436 0.869133 0.585639 0.867889 0.583774 0.866335 0.581598 0.864159 0.579733 0.861672 0.577868 0.858253 0.578800 0.857942 0.580976 0.859186 0.583463 0.858253 0.583463 0.857010 0.584395 0.855766 0.585639 0.855145 0.586882 0.855766 0.588747 0.854523 0.589991 0.853901 0.590923 0.853901 0.591856 0.854212 0.593099 0.855145 0.595586 0.857010 0.595586 0.857320 0.597140 0.857631 0.597762 0.857942 0.599938 0.857942 0.601803 0.858253 0.603046 0.859186 0.603046 0.860740 0.602735 0.861983 0.600560 0.863227 0.600249 0.864781 0.601492 0.866335 0.601492 0.866957 0.601492
0 0.799503 0.603046 0.801989 0.602425 0.803544 0.601181 0.803544 0.598384 0.802300 0.597140 0.799503 0.595897 0.796083 0.595586 0.792975 0.594964 0.791110 0.594964 0.789245 0.593721 0.787069 0.593099 0.783649 0.594343 0.783649 0.596518 0.784271 0.599005 0.785204 0.600249 0.786758 0.601492 0.789555 0.601803 0.791731 0.601803 0.797016 0.603046 0.798881 0.603046 0.799813 0.603046
0 0.745104 0.474977 0.741374 0.476842 0.740441 0.479639 0.741063 0.484302 0.741063 0.486478 0.737333 0.488343 0.733914 0.489276 0.730805 0.490519 0.730494 0.492695 0.733603 0.494249 0.738887 0.497358 0.741374 0.502642 0.742306 0.509170 0.743861 0.513833 0.748213 0.520671 0.748834 0.522537 0.750389 0.527821 0.757849 0.535281 0.761579 0.538079 0.766553 0.538079 0.773081 0.534970 0.777122 0.532173 0.782717 0.527821 0.790177 0.517874 0.793907 0.510413 0.794529 0.502331 0.793907 0.497669 0.790799 0.493317 0.785825 0.491141 0.781784 0.491141 0.777122 0.491452 0.769661 0.491452 0.766864 0.489587 0.760647 0.487100 0.756606 0.484302 0.753808 0.481194 0.749456 0.475598 0.747591 0.474666 0.744793 0.474977
0 0.874728 0.416848 0.874417 0.412807 0.875350 0.410009 0.874106 0.406279 0.872863 0.403171 0.872863 0.399130 0.872863 0.396643 0.874728 0.395089 0.876593 0.395399 0.879391 0.397265 0.880945 0.398819 0.881567 0.401306 0.882499 0.403482 0.883432 0.405968 0.882499 0.409698 0.881256 0.412496 0.880012 0.415605 0.877526 0.416848 0.874106 0.416848
0 0.861672 0.421822 0.864470 0.418091 0.866335 0.414983 0.866957 0.410320 0.865713 0.405968 0.864781 0.402860 0.863537 0.399130 0.859807 0.396332 0.857320 0.396021 0.855145 0.396643 0.851414 0.394467 0.848306 0.394156 0.848306 0.397886 0.848928 0.401616 0.848306 0.405657 0.848306 0.407212 0.847684 0.410631 0.847684 0.414050 0.847995 0.415605 0.854212 0.421200 0.856388 0.421822 0.857942 0.422132 0.860740 0.422443 0.862294 0.421200
0 0.540877 0.573205 0.542742 0.575070 0.545228 0.576313 0.547094 0.577246 0.550513 0.576313 0.551135 0.575381 0.551756 0.571340 0.551135 0.568231 0.550513 0.566055 0.548337 0.563569 0.546783 0.562325 0.543985 0.562014 0.541809 0.562636 0.540566 0.563569 0.539633 0.565434 0.539012 0.566988 0.539012 0.568542 0.539012 0.570407 0.539633 0.572272 0.541187 0.573516
0 0.652471 0.706870 0.653404 0.705626 0.654025 0.703450 0.653093 0.702518 0.650917 0.702207 0.648741 0.702518 0.648741 0.704694 0.648430 0.705937 0.649674 0.707181 0.649984 0.707181 0.652471 0.707491 0.652160 0.706870
0 0.569475 0.808517 0.571029 0.809139 0.572272 0.809139 0.575070 0.808517 0.576624 0.808517 0.578489 0.807274 0.578800 0.804165 0.578800 0.800746 0.576002 0.795151 0.571340 0.793597 0.567920 0.791731 0.566677 0.793597 0.565744 0.795151 0.565434 0.797016 0.565434 0.798881 0.565744 0.801057 0.566366 0.802300 0.566988 0.804165 0.567299 0.805409 0.567920 0.806652 0.568542 0.807585 0.569786 0.808206
0 0.541809 0.449176 0.541498 0.449798 0.539322 0.449798 0.538079 0.449798 0.537146 0.447311 0.537146 0.445757 0.539012 0.443892 0.539633 0.442959 0.539633 0.440162 0.539633 0.437675 0.538701 0.435188 0.538701 0.433323 0.540255 0.432390 0.542431 0.432701 0.542742 0.433945 0.544607 0.432390 0.546161 0.431458 0.547715 0.431147 0.546161 0.434877 0.545228 0.435810 0.543674 0.436742 0.542742 0.437675 0.543053 0.440472 0.545228 0.442338 0.545539 0.442959 0.545539 0.445135 0.545228 0.445757 0.544607 0.447311 0.543674 0.447933 0.543674 0.448244 0.542742 0.449176 0.541498 0.449176
0 0.576002 0.509170 0.577557 0.510413 0.579111 0.508548 0.580044 0.504196 0.576002 0.500777 0.572894 0.501088 0.569475 0.499534 0.568542 0.501088 0.568231 0.503886 0.567920 0.506683 0.567920 0.509481 0.568231 0.511346 0.568542 0.512900 0.569164 0.513833 0.570096 0.514765 0.570718 0.515387 0.571961 0.515387 0.573205 0.515387 0.575692 0.514765 0.576313 0.511657 0.576313 0.511035 0.576624 0.509481
