0 0.215107 0.322039 0.214976 0.323495 0.214587 0.324894 0.213955 0.326184 0.213104 0.327314 0.212068 0.328242 0.210886 0.328932 0.209603 0.329356 0.208269 0.329500 0.206934 0.329356 0.205652 0.328932 0.204469 0.328242 0.203433 0.327314 0.202582 0.326184 0.201950 0.324894 0.201561 0.323495 0.201430 0.322039 0.201561 0.320584 0.201950 0.319184 0.202582 0.317894 0.203433 0.316764 0.204469 0.315836 0.205652 0.315147 0.206934 0.314722 0.208269 0.314579 0.209603 0.314722 0.210886 0.315147 0.212068 0.315836 0.213104 0.316764 0.213955 0.317894 0.214587 0.319184 0.214976 0.320584
0 0.179456 0.269244 0.178475 0.271051 0.177408 0.272726 0.176297 0.274206 0.175185 0.275434 0.174113 0.276362 0.173123 0.276955 0.172254 0.277190 0.171538 0.277058 0.171004 0.276565 0.170671 0.275728 0.170552 0.274580 0.170653 0.273166 0.170968 0.271539 0.171487 0.269763 0.172189 0.267905 0.173047 0.266037 0.174028 0.264230 0.175094 0.262555 0.176205 0.261075 0.177318 0.259847 0.178390 0.258919 0.179379 0.258326 0.180248 0.258091 0.180964 0.258223 0.181499 0.258717 0.181832 0.259553 0.181950 0.260701 0.181850 0.262115 0.181534 0.263742 0.181015 0.265518 0.180314 0.267376
0 0.246327 0.278946 0.246980 0.281022 0.247483 0.283061 0.247817 0.284986 0.247969 0.286722 0.247933 0.288203 0.247711 0.289371 0.247312 0.290182 0.246749 0.290605 0.246046 0.290623 0.245229 0.290235 0.244330 0.289457 0.243383 0.288319 0.242424 0.286864 0.241490 0.285147 0.240618 0.283236 0.239841 0.281204 0.239188 0.279128 0.238685 0.277088 0.238350 0.275163 0.238198 0.273427 0.238234 0.271946 0.238456 0.270778 0.238856 0.269967 0.239418 0.269544 0.240121 0.269526 0.240938 0.269914 0.241837 0.270692 0.242785 0.271830 0.243743 0.273286 0.244677 0.275002 0.245549 0.276913
0 0.116224 0.425917 0.116576 0.426464 0.116678 0.427263 0.116524 0.428282 0.116121 0.429484 0.115485 0.430821 0.114639 0.432242 0.113617 0.433693 0.112457 0.435118 0.111204 0.436462 0.109907 0.437673 0.108614 0.438705 0.107377 0.439518 0.106242 0.440082 0.105253 0.440373 0.104447 0.440382 0.103857 0.440108 0.103505 0.439560 0.103403 0.438762 0.103557 0.437742 0.103960 0.436540 0.104596 0.435203 0.105442 0.433782 0.106464 0.432331 0.107624 0.430906 0.108877 0.429563 0.110174 0.428351 0.111466 0.427319 0.112704 0.426506 0.113839 0.425943 0.114828 0.425651 0.115633 0.425642
0 0.189618 0.441405 0.189474 0.442436 0.189050 0.443427 0.188360 0.444341 0.187433 0.445142 0.186302 0.445799 0.185012 0.446287 0.183613 0.446588 0.182157 0.446689 0.180702 0.446588 0.179302 0.446287 0.178013 0.445799 0.176882 0.445142 0.175954 0.444341 0.175265 0.443427 0.174840 0.442436 0.174697 0.441405 0.174840 0.440374 0.175265 0.439383 0.175954 0.438469 0.176882 0.437668 0.178013 0.437011 0.179302 0.436523 0.180702 0.436222 0.182157 0.436121 0.183613 0.436222 0.185012 0.436523 0.186302 0.437011 0.187433 0.437668 0.188360 0.438469 0.189050 0.439383 0.189474 0.440374
0 0.291576 0.483991 0.291379 0.485993 0.290795 0.487917 0.289847 0.489690 0.288572 0.491245 0.287017 0.492521 0.285244 0.493468 0.283319 0.494052 0.281318 0.494249 0.279317 0.494052 0.277392 0.493468 0.275619 0.492521 0.274064 0.491245 0.272789 0.489690 0.271841 0.487917 0.271257 0.485993 0.271060 0.483991 0.271257 0.481990 0.271841 0.480066 0.272789 0.478292 0.274064 0.476738 0.275619 0.475462 0.277392 0.474514 0.279317 0.473930 0.281318 0.473733 0.283319 0.473930 0.285244 0.474514 0.287017 0.475462 0.288572 0.476738 0.289847 0.478292 0.290795 0.480066 0.291379 0.481990
0 0.279491 0.465246 0.280035 0.465947 0.280485 0.466685 0.280824 0.467431 0.281038 0.468157 0.281119 0.468834 0.281065 0.469436 0.280878 0.469941 0.280564 0.470329 0.280135 0.470585 0.279609 0.470699 0.279005 0.470666 0.278346 0.470489 0.277659 0.470174 0.276968 0.469732 0.276302 0.469182 0.275685 0.468544 0.275141 0.467842 0.274691 0.467104 0.274352 0.466358 0.274138 0.465632 0.274056 0.464955 0.274110 0.464353 0.274298 0.463848 0.274612 0.463460 0.275040 0.463205 0.275567 0.463091 0.276171 0.463123 0.276829 0.463300 0.277517 0.463615 0.278207 0.464057 0.278874 0.464607
0 0.219829 0.502624 0.219450 0.501832 0.219310 0.500916 0.219415 0.499911 0.219760 0.498856 0.220333 0.497791 0.221111 0.496757 0.222064 0.495794 0.223157 0.494939 0.224346 0.494225 0.225586 0.493678 0.226830 0.493321 0.228029 0.493167 0.229138 0.493222 0.230114 0.493483 0.230919 0.493942 0.231523 0.494579 0.231902 0.495371 0.232042 0.496286 0.231937 0.497291 0.231592 0.498346 0.231019 0.499411 0.230241 0.500445 0.229288 0.501408 0.228196 0.502263 0.227006 0.502978 0.225766 0.503524 0.224523 0.503881 0.223323 0.504035 0.222214 0.503980 0.221238 0.503719 0.220433 0.503261
0 0.306808 0.585328 0.306670 0.586480 0.306263 0.587588 0.305603 0.588609 0.304714 0.589504 0.303630 0.590239 0.302394 0.590784 0.301053 0.591121 0.299658 0.591234 0.298263 0.591121 0.296922 0.590784 0.295686 0.590239 0.294603 0.589504 0.293713 0.588609 0.293053 0.587588 0.292646 0.586480 0.292509 0.585328 0.292646 0.584176 0.293053 0.583068 0.293713 0.582047 0.294603 0.581152 0.295686 0.580417 0.296922 0.579871 0.298263 0.579535 0.299658 0.579422 0.301053 0.579535 0.302394 0.579871 0.303630 0.580417 0.304714 0.581152 0.305603 0.582047 0.306263 0.583068 0.306670 0.584176
0 0.205471 0.603357 0.205262 0.604146 0.204643 0.604904 0.203637 0.605602 0.202284 0.606215 0.200636 0.606717 0.198755 0.607091 0.196714 0.607321 0.194591 0.607398 0.192469 0.607321 0.190428 0.607091 0.188547 0.606717 0.186898 0.606215 0.185545 0.605602 0.184540 0.604904 0.183921 0.604146 0.183712 0.603357 0.183921 0.602569 0.184540 0.601811 0.185545 0.601112 0.186898 0.600500 0.188547 0.599997 0.190428 0.599624 0.192469 0.599394 0.194591 0.599316 0.196714 0.599394 0.198755 0.599624 0.200636 0.599997 0.202284 0.600500 0.203637 0.601112 0.204643 0.601811 0.205262 0.602569
0 0.163506 0.637240 0.163393 0.638210 0.163057 0.639143 0.162511 0.640003 0.161777 0.640757 0.160882 0.641375 0.159860 0.641835 0.158752 0.642118 0.157600 0.642213 0.156448 0.642118 0.155340 0.641835 0.154319 0.641375 0.153424 0.640757 0.152689 0.640003 0.152144 0.639143 0.151808 0.638210 0.151694 0.637240 0.151808 0.636269 0.152144 0.635336 0.152689 0.634476 0.153424 0.633723 0.154319 0.633104 0.155340 0.632645 0.156448 0.632362 0.157600 0.632266 0.158752 0.632362 0.159860 0.632645 0.160882 0.633104 0.161777 0.633723 0.162511 0.634476 0.163057 0.635336 0.163393 0.636269
0 0.149518 0.626049 0.149452 0.626777 0.149258 0.627477 0.148942 0.628121 0.148517 0.628687 0.147999 0.629151 0.147407 0.629495 0.146766 0.629708 0.146099 0.629779 0.145432 0.629708 0.144790 0.629495 0.144199 0.629151 0.143681 0.628687 0.143256 0.628121 0.142940 0.627477 0.142745 0.626777 0.142680 0.626049 0.142745 0.625321 0.142940 0.624622 0.143256 0.623977 0.143681 0.623411 0.144199 0.622948 0.144790 0.622603 0.145432 0.622391 0.146099 0.622319 0.146766 0.622391 0.147407 0.622603 0.147999 0.622948 0.148517 0.623411 0.148942 0.623977 0.149258 0.624622 0.149452 0.625321
0 0.134287 0.622630 0.134233 0.623479 0.134074 0.624295 0.133815 0.625048 0.133467 0.625707 0.133043 0.626248 0.132560 0.626650 0.132035 0.626898 0.131489 0.626982 0.130943 0.626898 0.130418 0.626650 0.129935 0.626248 0.129511 0.625707 0.129163 0.625048 0.128904 0.624295 0.128745 0.623479 0.128691 0.622630 0.128745 0.621781 0.128904 0.620964 0.129163 0.620212 0.129511 0.619553 0.129935 0.619011 0.130418 0.618609 0.130943 0.618362 0.131489 0.618278 0.132035 0.618362 0.132560 0.618609 0.133043 0.619011 0.133467 0.619553 0.133815 0.620212 0.134074 0.620964 0.134233 0.621781
0 0.237583 0.675467 0.238070 0.676959 0.238439 0.678430 0.238675 0.679822 0.238771 0.681084 0.238722 0.682166 0.238529 0.683026 0.238201 0.683632 0.237751 0.683961 0.237194 0.683999 0.236553 0.683745 0.235853 0.683210 0.235120 0.682413 0.234382 0.681385 0.233668 0.680165 0.233006 0.678802 0.232420 0.677346 0.231933 0.675854 0.231564 0.674384 0.231328 0.672991 0.231232 0.671729 0.231282 0.670647 0.231474 0.669787 0.231802 0.669181 0.232253 0.668852 0.232809 0.668814 0.233450 0.669068 0.234150 0.669604 0.234883 0.670401 0.235621 0.671429 0.236335 0.672648 0.236997 0.674011
0 0.313957 0.639105 0.313897 0.639711 0.313720 0.640294 0.313433 0.640832 0.313047 0.641303 0.312576 0.641689 0.312038 0.641977 0.311455 0.642154 0.310849 0.642213 0.310242 0.642154 0.309659 0.641977 0.309122 0.641689 0.308651 0.641303 0.308264 0.640832 0.307977 0.640294 0.307800 0.639711 0.307740 0.639105 0.307800 0.638498 0.307977 0.637915 0.308264 0.637378 0.308651 0.636907 0.309122 0.636520 0.309659 0.636233 0.310242 0.636056 0.310849 0.635996 0.311455 0.636056 0.312038 0.636233 0.312576 0.636520 0.313047 0.636907 0.313433 0.637378 0.313720 0.637915 0.313897 0.638498
0 0.152543 0.641395 0.153463 0.643675 0.154172 0.645946 0.154643 0.648122 0.154856 0.650118 0.154805 0.651858 0.154491 0.653276 0.153927 0.654316 0.153133 0.654938 0.152140 0.655120 0.150987 0.654853 0.149718 0.654148 0.148381 0.653033 0.147029 0.651549 0.145712 0.649755 0.144482 0.647718 0.143385 0.645518 0.142465 0.643238 0.141756 0.640967 0.141285 0.638792 0.141071 0.636795 0.141123 0.635055 0.141436 0.633638 0.142001 0.632598 0.142795 0.631975 0.143788 0.631793 0.144941 0.632060 0.146210 0.632765 0.147547 0.633880 0.148899 0.635364 0.150216 0.637158 0.151446 0.639195
0 0.273547 0.781473 0.273421 0.782747 0.273050 0.783972 0.272447 0.785100 0.271635 0.786089 0.270646 0.786901 0.269517 0.787504 0.268292 0.787876 0.267019 0.788001 0.265745 0.787876 0.264521 0.787504 0.263392 0.786901 0.262403 0.786089 0.261591 0.785100 0.260988 0.783972 0.260617 0.782747 0.260491 0.781473 0.260617 0.780200 0.260988 0.778975 0.261591 0.777847 0.262403 0.776858 0.263392 0.776046 0.264521 0.775443 0.265745 0.775071 0.267019 0.774946 0.268292 0.775071 0.269517 0.775443 0.270646 0.776046 0.271635 0.776858 0.272447 0.777847 0.273050 0.778975 0.273421 0.780200
0 0.416226 0.508548 0.416179 0.509155 0.416037 0.509738 0.415807 0.510275 0.415498 0.510746 0.415121 0.511133 0.414691 0.511420 0.414225 0.511597 0.413740 0.511657 0.413254 0.511597 0.412788 0.511420 0.412358 0.511133 0.411981 0.510746 0.411672 0.510275 0.411442 0.509738 0.411301 0.509155 0.411253 0.508548 0.411301 0.507942 0.411442 0.507359 0.411672 0.506821 0.411981 0.506350 0.412358 0.505964 0.412788 0.505676 0.413254 0.505500 0.413740 0.505440 0.414225 0.505500 0.414691 0.505676 0.415121 0.505964 0.415498 0.506350 0.415807 0.506821 0.416037 0.507359 0.416179 0.507942
0 0.366180 0.668325 0.366144 0.668810 0.366038 0.669276 0.365865 0.669706 0.365633 0.670083 0.365351 0.670392 0.365028 0.670622 0.364678 0.670764 0.364315 0.670811 0.363951 0.670764 0.363601 0.670622 0.363278 0.670392 0.362996 0.670083 0.362764 0.669706 0.362591 0.669276 0.362485 0.668810 0.362449 0.668325 0.362485 0.667839 0.362591 0.667373 0.362764 0.666943 0.362996 0.666566 0.363278 0.666257 0.363601 0.666027 0.363951 0.665886 0.364315 0.665838 0.364678 0.665886 0.365028 0.666027 0.365351 0.666257 0.365633 0.666566 0.365865 0.666943 0.366038 0.667373 0.366144 0.667839
0 0.370221 0.666770 0.370185 0.667255 0.370079 0.667722 0.369906 0.668152 0.369674 0.668529 0.369392 0.668838 0.369069 0.669068 0.368719 0.669209 0.368356 0.669257 0.367992 0.669209 0.367642 0.669068 0.367319 0.668838 0.367037 0.668529 0.366805 0.668152 0.366632 0.667722 0.366526 0.667255 0.366491 0.666770 0.366526 0.666285 0.366632 0.665819 0.366805 0.665389 0.367037 0.665012 0.367319 0.664703 0.367642 0.664473 0.367992 0.664331 0.368356 0.664283 0.368719 0.664331 0.369069 0.664473 0.369392 0.664703 0.369674 0.665012 0.369906 0.665389 0.370079 0.665819 0.370185 0.666285
0 0.387939 0.652471 0.387903 0.652956 0.387797 0.653423 0.387625 0.653853 0.387393 0.654230 0.387110 0.654539 0.386788 0.654769 0.386438 0.654910 0.386074 0.654958 0.385710 0.654910 0.385360 0.654769 0.385038 0.654539 0.384755 0.654230 0.384523 0.653853 0.384351 0.653423 0.384245 0.652956 0.384209 0.652471 0.384245 0.651986 0.384351 0.651520 0.384523 0.651090 0.384755 0.650713 0.385038 0.650404 0.385360 0.650174 0.385710 0.650032 0.386074 0.649984 0.386438 0.650032 0.386788 0.650174 0.387110 0.650404 0.387393 0.650713 0.387625 0.651090 0.387797 0.651520 0.387903 0.651986
0 0.394467 0.643146 0.394437 0.643570 0.394349 0.643978 0.394205 0.644355 0.394012 0.644684 0.393776 0.644955 0.393507 0.645156 0.393216 0.645280 0.392913 0.645322 0.392609 0.645280 0.392318 0.645156 0.392049 0.644955 0.391814 0.644684 0.391620 0.644355 0.391477 0.643978 0.391388 0.643570 0.391358 0.643146 0.391388 0.642721 0.391477 0.642313 0.391620 0.641937 0.391814 0.641607 0.392049 0.641337 0.392318 0.641135 0.392609 0.641012 0.392913 0.640970 0.393216 0.641012 0.393507 0.641135 0.393776 0.641337 0.394012 0.641607 0.394205 0.641937 0.394349 0.642313 0.394437 0.642721
0 0.380790 0.660864 0.380748 0.661349 0.380624 0.661816 0.380423 0.662246 0.380152 0.662623 0.379823 0.662932 0.379446 0.663162 0.379038 0.663303 0.378614 0.663351 0.378189 0.663303 0.377781 0.663162 0.377405 0.662932 0.377075 0.662623 0.376804 0.662246 0.376603 0.661816 0.376479 0.661349 0.376438 0.660864 0.376479 0.660379 0.376603 0.659913 0.376804 0.659483 0.377075 0.659106 0.377405 0.658796 0.377781 0.658567 0.378189 0.658425 0.378614 0.658377 0.379038 0.658425 0.379446 0.658567 0.379823 0.658796 0.380152 0.659106 0.380423 0.659483 0.380624 0.659913 0.380748 0.660379
0 0.373640 0.665838 0.373598 0.666262 0.373474 0.666670 0.373273 0.667047 0.373003 0.667376 0.372673 0.667647 0.372297 0.667848 0.371889 0.667972 0.371464 0.668014 0.371040 0.667972 0.370631 0.667848 0.370255 0.667647 0.369925 0.667376 0.369655 0.667047 0.369454 0.666670 0.369330 0.666262 0.369288 0.665838 0.369330 0.665413 0.369454 0.665005 0.369655 0.664629 0.369925 0.664299 0.370255 0.664029 0.370631 0.663827 0.371040 0.663704 0.371464 0.663662 0.371889 0.663704 0.372297 0.663827 0.372673 0.664029 0.373003 0.664299 0.373273 0.664629 0.373474 0.665005 0.373598 0.665413
0 0.451352 0.569786 0.451286 0.570392 0.451092 0.570975 0.450776 0.571512 0.450351 0.571984 0.449833 0.572370 0.449241 0.572657 0.448600 0.572834 0.447933 0.572894 0.447266 0.572834 0.446624 0.572657 0.446033 0.572370 0.445515 0.571984 0.445090 0.571512 0.444774 0.570975 0.444579 0.570392 0.444514 0.569786 0.444579 0.569179 0.444774 0.568596 0.445090 0.568059 0.445515 0.567587 0.446033 0.567201 0.446624 0.566914 0.447266 0.566737 0.447933 0.566677 0.448600 0.566737 0.449241 0.566914 0.449833 0.567201 0.450351 0.567587 0.450776 0.568059 0.451092 0.568596 0.451286 0.569179
0 0.457569 0.577557 0.457480 0.578527 0.457214 0.579460 0.456783 0.580320 0.456203 0.581074 0.455497 0.581692 0.454691 0.582152 0.453816 0.582435 0.452906 0.582530 0.451997 0.582435 0.451122 0.582152 0.450316 0.581692 0.449609 0.581074 0.449030 0.580320 0.448599 0.579460 0.448333 0.578527 0.448244 0.577557 0.448333 0.576586 0.448599 0.575653 0.449030 0.574794 0.449609 0.574040 0.450316 0.573421 0.451122 0.572962 0.451997 0.572679 0.452906 0.572583 0.453816 0.572679 0.454691 0.572962 0.455497 0.573421 0.456203 0.574040 0.456783 0.574794 0.457214 0.575653 0.457480 0.576586
0 0.492695 0.627603 0.492647 0.628149 0.492506 0.628674 0.492276 0.629158 0.491967 0.629582 0.491590 0.629930 0.491160 0.630188 0.490693 0.630347 0.490208 0.630401 0.489723 0.630347 0.489257 0.630188 0.488827 0.629930 0.488450 0.629582 0.488141 0.629158 0.487911 0.628674 0.487769 0.628149 0.487721 0.627603 0.487769 0.627058 0.487911 0.626533 0.488141 0.626049 0.488450 0.625625 0.488827 0.625277 0.489257 0.625019 0.489723 0.624859 0.490208 0.624806 0.490693 0.624859 0.491160 0.625019 0.491590 0.625277 0.491967 0.625625 0.492276 0.626049 0.492506 0.626533 0.492647 0.627058
0 0.480261 0.614237 0.480225 0.614722 0.480119 0.615189 0.479947 0.615618 0.479715 0.615995 0.479432 0.616305 0.479110 0.616534 0.478760 0.616676 0.478396 0.616724 0.478032 0.616676 0.477682 0.616534 0.477360 0.616305 0.477077 0.615995 0.476845 0.615618 0.476673 0.615189 0.476567 0.614722 0.476531 0.614237 0.476567 0.613752 0.476673 0.613285 0.476845 0.612855 0.477077 0.612478 0.477360 0.612169 0.477682 0.611939 0.478032 0.611798 0.478396 0.611750 0.478760 0.611798 0.479110 0.611939 0.479432 0.612169 0.479715 0.612478 0.479947 0.612855 0.480119 0.613285 0.480225 0.613752
0 0.490830 0.649052 0.490794 0.649416 0.490688 0.649766 0.490516 0.650088 0.490284 0.650371 0.490001 0.650603 0.489679 0.650775 0.489329 0.650881 0.488965 0.650917 0.488601 0.650881 0.488251 0.650775 0.487929 0.650603 0.487646 0.650371 0.487414 0.650088 0.487242 0.649766 0.487136 0.649416 0.487100 0.649052 0.487136 0.648688 0.487242 0.648338 0.487414 0.648016 0.487646 0.647733 0.487929 0.647501 0.488251 0.647329 0.488601 0.647223 0.488965 0.647187 0.489329 0.647223 0.489679 0.647329 0.490001 0.647501 0.490284 0.647733 0.490516 0.648016 0.490688 0.648338 0.490794 0.648688
0 0.491900 0.612301 0.492541 0.611314 0.493583 0.610535 0.494984 0.609994 0.496692 0.609712 0.498640 0.609698 0.500754 0.609955 0.502953 0.610472 0.505151 0.611229 0.507265 0.612198 0.509214 0.613340 0.510922 0.614612 0.512323 0.615966 0.513365 0.617348 0.514006 0.618707 0.514223 0.619989 0.514006 0.621146 0.513365 0.622133 0.512323 0.622912 0.510922 0.623453 0.509214 0.623736 0.507266 0.623749 0.505152 0.623492 0.502953 0.622975 0.500755 0.622218 0.498641 0.621250 0.496692 0.620107 0.494985 0.618835 0.493583 0.617482 0.492542 0.616099 0.491900 0.614741 0.491684 0.613458
0 0.267952 0.643146 0.267886 0.643692 0.267691 0.644216 0.267375 0.644700 0.266950 0.645124 0.266432 0.645472 0.265841 0.645730 0.265199 0.645890 0.264532 0.645943 0.263865 0.645890 0.263224 0.645730 0.262632 0.645472 0.262114 0.645124 0.261689 0.644700 0.261373 0.644216 0.261179 0.643692 0.261113 0.643146 0.261179 0.642600 0.261373 0.642075 0.261689 0.641592 0.262114 0.641168 0.262632 0.640820 0.263224 0.640561 0.263865 0.640402 0.264532 0.640348 0.265199 0.640402 0.265841 0.640561 0.266432 0.640820 0.266950 0.641168 0.267375 0.641592 0.267691 0.642075 0.267886 0.642600
0 0.274790 0.654647 0.274719 0.655072 0.274506 0.655480 0.274162 0.655856 0.273698 0.656186 0.273132 0.656456 0.272487 0.656657 0.271788 0.656781 0.271060 0.656823 0.270332 0.656781 0.269633 0.656657 0.268988 0.656456 0.268422 0.656186 0.267958 0.655856 0.267614 0.655480 0.267401 0.655072 0.267330 0.654647 0.267401 0.654223 0.267614 0.653814 0.267958 0.653438 0.268422 0.653109 0.268988 0.652838 0.269633 0.652637 0.270332 0.652513 0.271060 0.652471 0.271788 0.652513 0.272487 0.652637 0.273132 0.652838 0.273698 0.653109 0.274162 0.653438 0.274506 0.653814 0.274719 0.654223
0 0.264532 0.629779 0.264490 0.630264 0.264367 0.630731 0.264165 0.631161 0.263895 0.631538 0.263565 0.631847 0.263189 0.632077 0.262781 0.632218 0.262356 0.632266 0.261932 0.632218 0.261524 0.632077 0.261147 0.631847 0.260818 0.631538 0.260547 0.631161 0.260346 0.630731 0.260222 0.630264 0.260180 0.629779 0.260222 0.629294 0.260346 0.628828 0.260547 0.628398 0.260818 0.628021 0.261147 0.627712 0.261524 0.627482 0.261932 0.627340 0.262356 0.627293 0.262781 0.627340 0.263189 0.627482 0.263565 0.627712 0.263895 0.628021 0.264165 0.628398 0.264367 0.628828 0.264490 0.629294
0 0.278831 0.649052 0.278795 0.649476 0.278689 0.649885 0.278517 0.650261 0.278285 0.650591 0.278002 0.650861 0.277680 0.651062 0.277330 0.651186 0.276966 0.651228 0.276602 0.651186 0.276252 0.651062 0.275930 0.650861 0.275647 0.650591 0.275415 0.650261 0.275243 0.649885 0.275137 0.649476 0.275101 0.649052 0.275137 0.648627 0.275243 0.648219 0.275415 0.647843 0.275647 0.647513 0.275930 0.647243 0.276252 0.647042 0.276602 0.646918 0.276966 0.646876 0.277330 0.646918 0.277680 0.647042 0.278002 0.647243 0.278285 0.647513 0.278517 0.647843 0.278689 0.648219 0.278795 0.648627
0 0.360895 0.726453 0.360853 0.726938 0.360730 0.727405 0.360529 0.727835 0.360258 0.728212 0.359928 0.728521 0.359552 0.728751 0.359144 0.728892 0.358719 0.728940 0.358295 0.728892 0.357887 0.728751 0.357510 0.728521 0.357181 0.728212 0.356910 0.727835 0.356709 0.727405 0.356585 0.726938 0.356543 0.726453 0.356585 0.725968 0.356709 0.725502 0.356910 0.725072 0.357181 0.724695 0.357510 0.724386 0.357887 0.724156 0.358295 0.724014 0.358719 0.723966 0.359144 0.724014 0.359552 0.724156 0.359928 0.724386 0.360258 0.724695 0.360529 0.725072 0.360730 0.725502 0.360853 0.725968
0 0.384209 0.754119 0.384048 0.755453 0.383570 0.756736 0.382794 0.757918 0.381751 0.758954 0.380479 0.759805 0.379028 0.760437 0.377453 0.760826 0.375816 0.760957 0.374179 0.760826 0.372604 0.760437 0.371153 0.759805 0.369881 0.758954 0.368838 0.757918 0.368062 0.756736 0.367584 0.755453 0.367423 0.754119 0.367584 0.752785 0.368062 0.751502 0.368838 0.750319 0.369881 0.749283 0.371153 0.748433 0.372604 0.747801 0.374179 0.747411 0.375816 0.747280 0.377453 0.747411 0.379028 0.747801 0.380479 0.748433 0.381751 0.749283 0.382794 0.750319 0.383570 0.751502 0.384048 0.752785
0 0.316444 0.780541 0.316348 0.781936 0.316065 0.783277 0.315606 0.784513 0.314987 0.785596 0.314233 0.786485 0.313374 0.787146 0.312441 0.787553 0.311470 0.787690 0.310500 0.787553 0.309567 0.787146 0.308707 0.786485 0.307953 0.785596 0.307335 0.784513 0.306875 0.783277 0.306592 0.781936 0.306497 0.780541 0.306592 0.779146 0.306875 0.777805 0.307335 0.776569 0.307953 0.775485 0.308707 0.774596 0.309567 0.773936 0.310500 0.773529 0.311470 0.773391 0.312441 0.773529 0.313374 0.773936 0.314233 0.774596 0.314987 0.775485 0.315606 0.776569 0.316065 0.777805 0.316348 0.779146
0 0.451041 0.757227 0.450970 0.758137 0.450757 0.759012 0.450413 0.759818 0.449949 0.760524 0.449384 0.761104 0.448739 0.761535 0.448039 0.761800 0.447311 0.761890 0.446583 0.761800 0.445884 0.761535 0.445239 0.761104 0.444674 0.760524 0.444210 0.759818 0.443865 0.759012 0.443653 0.758137 0.443581 0.757227 0.443653 0.756318 0.443865 0.755443 0.444210 0.754637 0.444674 0.753930 0.445239 0.753350 0.445884 0.752919 0.446583 0.752654 0.447311 0.752565 0.448039 0.752654 0.448739 0.752919 0.449384 0.753350 0.449949 0.753930 0.450413 0.754637 0.450757 0.755443 0.450970 0.756318
0 0.455082 0.603357 0.454778 0.606329 0.453876 0.609186 0.452411 0.611819 0.450439 0.614128 0.448037 0.616022 0.445296 0.617429 0.442322 0.618296 0.439229 0.618589 0.436136 0.618296 0.433162 0.617429 0.430421 0.616022 0.428019 0.614128 0.426048 0.611819 0.424583 0.609186 0.423680 0.606329 0.423376 0.603357 0.423680 0.600386 0.424583 0.597528 0.426048 0.594895 0.428019 0.592587 0.430421 0.590693 0.433162 0.589285 0.436136 0.588418 0.439229 0.588126 0.442322 0.588418 0.445296 0.589285 0.448037 0.590693 0.450439 0.592587 0.452411 0.594895 0.453876 0.597528 0.454778 0.600386
0 0.631955 0.814113 0.631901 0.814598 0.631742 0.815064 0.631484 0.815494 0.631136 0.815871 0.630712 0.816180 0.630228 0.816410 0.629703 0.816552 0.629158 0.816599 0.628612 0.816552 0.628087 0.816410 0.627603 0.816180 0.627179 0.815871 0.626831 0.815494 0.626573 0.815064 0.626414 0.814598 0.626360 0.814113 0.626414 0.813627 0.626573 0.813161 0.626831 0.812731 0.627179 0.812354 0.627603 0.812045 0.628087 0.811815 0.628612 0.811674 0.629158 0.811626 0.629703 0.811674 0.630228 0.811815 0.630712 0.812045 0.631136 0.812354 0.631484 0.812731 0.631742 0.813161 0.631901 0.813627
0 0.626360 0.817843 0.626306 0.818328 0.626147 0.818794 0.625888 0.819224 0.625541 0.819601 0.625117 0.819910 0.624633 0.820140 0.624108 0.820282 0.623562 0.820329 0.623017 0.820282 0.622492 0.820140 0.622008 0.819910 0.621584 0.819601 0.621236 0.819224 0.620978 0.818794 0.620818 0.818328 0.620765 0.817843 0.620818 0.817358 0.620978 0.816891 0.621236 0.816461 0.621584 0.816084 0.622008 0.815775 0.622492 0.815545 0.623017 0.815404 0.623562 0.815356 0.624108 0.815404 0.624633 0.815545 0.625117 0.815775 0.625541 0.816084 0.625888 0.816461 0.626147 0.816891 0.626306 0.817358
0 0.772770 0.698788 0.772722 0.699273 0.772580 0.699739 0.772351 0.700169 0.772041 0.700546 0.771664 0.700855 0.771235 0.701085 0.770768 0.701227 0.770283 0.701274 0.769798 0.701227 0.769331 0.701085 0.768901 0.700855 0.768524 0.700546 0.768215 0.700169 0.767985 0.699739 0.767844 0.699273 0.767796 0.698788 0.767844 0.698303 0.767985 0.697836 0.768215 0.697406 0.768524 0.697029 0.768901 0.696720 0.769331 0.696490 0.769798 0.696349 0.770283 0.696301 0.770768 0.696349 0.771235 0.696490 0.771664 0.696720 0.772041 0.697029 0.772351 0.697406 0.772580 0.697836 0.772722 0.698303
0 0.703140 0.668014 0.703062 0.668741 0.702832 0.669441 0.702459 0.670086 0.701956 0.670651 0.701344 0.671115 0.700645 0.671460 0.699887 0.671672 0.699099 0.671744 0.698310 0.671672 0.697552 0.671460 0.696853 0.671115 0.696241 0.670651 0.695739 0.670086 0.695365 0.669441 0.695135 0.668741 0.695058 0.668014 0.695135 0.667286 0.695365 0.666586 0.695739 0.665941 0.696241 0.665376 0.696853 0.664912 0.697552 0.664567 0.698310 0.664355 0.699099 0.664283 0.699887 0.664355 0.700645 0.664567 0.701344 0.664912 0.701956 0.665376 0.702459 0.665941 0.702832 0.666586 0.703062 0.667286
0 0.764066 0.603357 0.763737 0.605419 0.762764 0.607402 0.761185 0.609229 0.759058 0.610830 0.756468 0.612145 0.753512 0.613122 0.750305 0.613723 0.746969 0.613926 0.743634 0.613723 0.740427 0.613122 0.737471 0.612145 0.734880 0.610830 0.732754 0.609229 0.731174 0.607402 0.730201 0.605419 0.729873 0.603357 0.730201 0.601295 0.731174 0.599313 0.732754 0.597485 0.734880 0.595884 0.737471 0.594569 0.740427 0.593593 0.743634 0.592991 0.746969 0.592788 0.750305 0.592991 0.753512 0.593593 0.756468 0.594569 0.759058 0.595884 0.761185 0.597485 0.762764 0.599313 0.763737 0.601295
0 0.842400 0.536214 0.842334 0.536881 0.842139 0.537522 0.841823 0.538114 0.841398 0.538632 0.840880 0.539057 0.840289 0.539373 0.839647 0.539567 0.838980 0.539633 0.838313 0.539567 0.837672 0.539373 0.837081 0.539057 0.836563 0.538632 0.836137 0.538114 0.835821 0.537522 0.835627 0.536881 0.835561 0.536214 0.835627 0.535547 0.835821 0.534905 0.836137 0.534314 0.836563 0.533796 0.837081 0.533371 0.837672 0.533055 0.838313 0.532860 0.838980 0.532795 0.839647 0.532860 0.840289 0.533055 0.840880 0.533371 0.841398 0.533796 0.841823 0.534314 0.842139 0.534905 0.842334 0.535547
0 0.742007 0.402677 0.742209 0.403478 0.742164 0.404352 0.741873 0.405263 0.741349 0.406178 0.740610 0.407061 0.739685 0.407878 0.738611 0.408598 0.737428 0.409193 0.736181 0.409640 0.734919 0.409922 0.733689 0.410028 0.732541 0.409954 0.731516 0.409703 0.730655 0.409285 0.729992 0.408716 0.729550 0.408017 0.729348 0.407215 0.729394 0.406342 0.729684 0.405430 0.730209 0.404515 0.730947 0.403632 0.731872 0.402815 0.732946 0.402095 0.734130 0.401500 0.735377 0.401053 0.736639 0.400771 0.737868 0.400665 0.739017 0.400739 0.740041 0.400990 0.740902 0.401408 0.741566 0.401977
0 0.510932 0.422689 0.510601 0.421582 0.510585 0.420377 0.510885 0.419119 0.511489 0.417858 0.512375 0.416642 0.513508 0.415517 0.514845 0.414528 0.516333 0.413710 0.517917 0.413098 0.519535 0.412712 0.521125 0.412570 0.522626 0.412675 0.523980 0.413025 0.525135 0.413605 0.526047 0.414393 0.526681 0.415359 0.527012 0.416466 0.527028 0.417671 0.526728 0.418929 0.526123 0.420190 0.525237 0.421406 0.524105 0.422530 0.522768 0.423520 0.521279 0.424337 0.519695 0.424950 0.518078 0.425335 0.516488 0.425478 0.514987 0.425373 0.513633 0.425023 0.512477 0.424443 0.511565 0.423655
0 0.603668 0.476220 0.603596 0.477069 0.603384 0.477885 0.603039 0.478638 0.602575 0.479297 0.602010 0.479839 0.601365 0.480241 0.600666 0.480488 0.599938 0.480572 0.599210 0.480488 0.598510 0.480241 0.597865 0.479839 0.597300 0.479297 0.596836 0.478638 0.596492 0.477885 0.596279 0.477069 0.596208 0.476220 0.596279 0.475371 0.596492 0.474555 0.596836 0.473802 0.597300 0.473143 0.597865 0.472602 0.598510 0.472199 0.599210 0.471952 0.599938 0.471868 0.600666 0.471952 0.601365 0.472199 0.602010 0.472602 0.602575 0.473143 0.603039 0.473802 0.603384 0.474555 0.603596 0.475371
0 0.596518 0.483680 0.596483 0.484166 0.596377 0.484632 0.596204 0.485062 0.595972 0.485439 0.595690 0.485748 0.595367 0.485978 0.595017 0.486119 0.594653 0.486167 0.594290 0.486119 0.593940 0.485978 0.593617 0.485748 0.593335 0.485439 0.593103 0.485062 0.592930 0.484632 0.592824 0.484166 0.592788 0.483680 0.592824 0.483195 0.592930 0.482729 0.593103 0.482299 0.593335 0.481922 0.593617 0.481613 0.593940 0.481383 0.594290 0.481241 0.594653 0.481194 0.595017 0.481241 0.595367 0.481383 0.595690 0.481613 0.595972 0.481922 0.596204 0.482299 0.596377 0.482729 0.596483 0.483195
0 0.506062 0.162885 0.505960 0.163673 0.505659 0.164431 0.505171 0.165130 0.504514 0.165742 0.503713 0.166245 0.502799 0.166618 0.501808 0.166848 0.500777 0.166926 0.499746 0.166848 0.498755 0.166618 0.497841 0.166245 0.497040 0.165742 0.496383 0.165130 0.495895 0.164431 0.495594 0.163673 0.495493 0.162885 0.495594 0.162096 0.495895 0.161338 0.496383 0.160640 0.497040 0.160027 0.497841 0.159525 0.498755 0.159151 0.499746 0.158921 0.500777 0.158844 0.501808 0.158921 0.502799 0.159151 0.503713 0.159525 0.504514 0.160027 0.505171 0.160640 0.505659 0.161338 0.505960 0.162096
0 0.548959 0.187753 0.548911 0.188298 0.548769 0.188823 0.548540 0.189307 0.548230 0.189731 0.547853 0.190079 0.547424 0.190337 0.546957 0.190496 0.546472 0.190550 0.545987 0.190496 0.545520 0.190337 0.545090 0.190079 0.544713 0.189731 0.544404 0.189307 0.544174 0.188823 0.544033 0.188298 0.543985 0.187753 0.544033 0.187207 0.544174 0.186682 0.544404 0.186198 0.544713 0.185774 0.545090 0.185426 0.545520 0.185168 0.545987 0.185009 0.546472 0.184955 0.546957 0.185009 0.547424 0.185168 0.547853 0.185426 0.548230 0.185774 0.548540 0.186198 0.548769 0.186682 0.548911 0.187207
0 0.552067 0.182157 0.552019 0.182521 0.551878 0.182871 0.551648 0.183193 0.551339 0.183476 0.550962 0.183708 0.550532 0.183880 0.550066 0.183987 0.549580 0.184022 0.549095 0.183987 0.548629 0.183880 0.548199 0.183708 0.547822 0.183476 0.547513 0.183193 0.547283 0.182871 0.547141 0.182521 0.547094 0.182157 0.547141 0.181793 0.547283 0.181444 0.547513 0.181121 0.547822 0.180838 0.548199 0.180607 0.548629 0.180434 0.549095 0.180328 0.549580 0.180292 0.550066 0.180328 0.550532 0.180434 0.550962 0.180607 0.551339 0.180838 0.551648 0.181121 0.551878 0.181444 0.552019 0.181793
0 0.549270 0.205782 0.549144 0.207601 0.548773 0.209350 0.548169 0.210963 0.547358 0.212376 0.546368 0.213536 0.545240 0.214397 0.544015 0.214928 0.542742 0.215107 0.541468 0.214928 0.540244 0.214397 0.539115 0.213536 0.538126 0.212376 0.537314 0.210963 0.536711 0.209350 0.536339 0.207601 0.536214 0.205782 0.536339 0.203962 0.536711 0.202213 0.537314 0.200601 0.538126 0.199188 0.539115 0.198028 0.540244 0.197166 0.541468 0.196636 0.542742 0.196456 0.544015 0.196636 0.545240 0.197166 0.546368 0.198028 0.547358 0.199188 0.548169 0.200601 0.548773 0.202213 0.549144 0.203962
0 0.671122 0.214175 0.671056 0.214902 0.670862 0.215602 0.670546 0.216247 0.670121 0.216812 0.669603 0.217276 0.669011 0.217621 0.668370 0.217833 0.667703 0.217905 0.667036 0.217833 0.666394 0.217621 0.665803 0.217276 0.665285 0.216812 0.664860 0.216247 0.664544 0.215602 0.664349 0.214902 0.664283 0.214175 0.664349 0.213447 0.664544 0.212747 0.664860 0.212102 0.665285 0.211537 0.665803 0.211073 0.666394 0.210728 0.667036 0.210516 0.667703 0.210445 0.668370 0.210516 0.669011 0.210728 0.669603 0.211073 0.670121 0.211537 0.670546 0.212102 0.670862 0.212747 0.671056 0.213447
0 0.185266 0.275723 0.184333 0.283183 0.184644 0.286913 0.185266 0.291887 0.187131 0.295617 0.192104 0.297793 0.197700 0.293130 0.201119 0.288157 0.203295 0.281007 0.203606 0.275723 0.203606 0.269195 0.200497 0.266086 0.195213 0.266086 0.190550 0.268884 0.187442 0.272614 0.185266 0.276344
0 0.299036 0.260491 0.299036 0.265465 0.299658 0.269817 0.301834 0.273858 0.304010 0.276966 0.306497 0.279764 0.309294 0.284116 0.310227 0.286913 0.312403 0.290954 0.315200 0.294063 0.317066 0.297482 0.318620 0.302456 0.318931 0.304942 0.317687 0.309294 0.318309 0.313335 0.318309 0.315822 0.320796 0.317687 0.324215 0.317998 0.326702 0.316755 0.327945 0.313957 0.332297 0.313957 0.337582 0.315822 0.340690 0.317998 0.343799 0.324526 0.350016 0.335717 0.353746 0.338825 0.355611 0.336960 0.356543 0.332919 0.353746 0.325769 0.350016 0.318931 0.349394 0.313335 0.350948 0.308362 0.353435 0.306808 0.356854 0.301834 0.357476 0.297482 0.358098 0.293441 0.357476 0.288157 0.356543 0.283494 0.357165 0.279453 0.357476 0.275101 0.357476 0.271060 0.355300 0.266708 0.351259 0.264532 0.344109 0.263910 0.336960 0.263600 0.329189 0.261424 0.323283 0.260180 0.314890 0.258004 0.309605 0.257383 0.302456 0.258315 0.299036 0.260180
0 0.322039 0.151072 0.321107 0.146721 0.324837 0.142680 0.328567 0.139571 0.332608 0.137395 0.338203 0.136152 0.341623 0.135530 0.342555 0.139260 0.340690 0.141125 0.337892 0.143301 0.334784 0.144855 0.332297 0.146721 0.330743 0.148896 0.328878 0.151383 0.326080 0.153559 0.322972 0.153559 0.322039 0.150451
0 0.330121 0.167547 0.329810 0.162885 0.331675 0.159154 0.332919 0.157289 0.335095 0.155735 0.337271 0.153870 0.338514 0.153248 0.340690 0.152005 0.344109 0.151072 0.345975 0.150451 0.348772 0.150451 0.349394 0.151383 0.349083 0.153870 0.348461 0.156046 0.345664 0.157600 0.342866 0.161330 0.341312 0.162263 0.340068 0.165061 0.336027 0.167858 0.334473 0.170034 0.330432 0.170034 0.330121 0.166926
0 0.385452 0.191172 0.382344 0.191794 0.381722 0.194902 0.382033 0.198943 0.382655 0.203606 0.382965 0.206714 0.383587 0.209823 0.385452 0.213553 0.387007 0.215107 0.391048 0.215107 0.391980 0.214175 0.393224 0.210445 0.392291 0.207025 0.390737 0.203917 0.390426 0.201430 0.389493 0.198321 0.389493 0.195835 0.390115 0.193970 0.388561 0.191794 0.385452 0.191172
0 0.515698 0.119677 0.519428 0.117501 0.522537 0.116568 0.526267 0.115325 0.529686 0.114392 0.531240 0.112527 0.530929 0.110040 0.528132 0.109419 0.526267 0.109419 0.521293 0.109730 0.517563 0.112216 0.514144 0.114392 0.513522 0.117501 0.515387 0.119677
0 0.524091 0.124650 0.519739 0.127137 0.517252 0.129935 0.514765 0.132111 0.514144 0.135219 0.515698 0.138949 0.519428 0.140504 0.525334 0.140193 0.530308 0.138328 0.534038 0.137706 0.534038 0.133043 0.535592 0.129002 0.536525 0.128380 0.536525 0.124029 0.533416 0.122474 0.528443 0.123407 0.523780 0.125272
0 0.565744 0.257694 0.562947 0.259869 0.562325 0.263289 0.563258 0.264532 0.565744 0.266397 0.568231 0.266086 0.570718 0.264532 0.571961 0.261735 0.571029 0.258937 0.569475 0.258315 0.565744 0.258004
0 0.681380 0.260802 0.677028 0.264221 0.673609 0.268573 0.672366 0.271060 0.671122 0.273858 0.671122 0.276966 0.672676 0.280075 0.674852 0.280696 0.678893 0.281007 0.683245 0.281007 0.690395 0.275723 0.691638 0.273858 0.692571 0.271682 0.693503 0.267019 0.693503 0.264843 0.690395 0.259869 0.685110 0.259869 0.681069 0.260802
0 0.672055 0.329500 0.670500 0.330432 0.669879 0.331675 0.670811 0.333541 0.672366 0.334784 0.673609 0.335717 0.676717 0.333541 0.677650 0.331365 0.676407 0.330121 0.673920 0.329810 0.671433 0.329500
0 0.634131 0.362139 0.627293 0.364315 0.623873 0.367423 0.623251 0.370221 0.621697 0.374573 0.620143 0.378303 0.620765 0.384209 0.623873 0.387628 0.635064 0.390737 0.649052 0.381100 0.650606 0.375505 0.649984 0.368977 0.648119 0.365247 0.645943 0.363382 0.641902 0.361828 0.636929 0.361828 0.633509 0.362449
0 0.564190 0.418713 0.560460 0.420578 0.558906 0.424619 0.557973 0.428039 0.558595 0.430836 0.566677 0.434256 0.567920 0.435810 0.568853 0.439229 0.569164 0.440472 0.569164 0.442648 0.569164 0.445757 0.569475 0.449487 0.570407 0.449798 0.571029 0.450730 0.573827 0.450730 0.579422 0.451041 0.584706 0.449487 0.587815 0.441716 0.587815 0.438607 0.587504 0.430214 0.585950 0.427417 0.582219 0.420889 0.578800 0.419335 0.569475 0.418091 0.563879 0.418713
0 0.819708 0.338203 0.810382 0.337582 0.807274 0.339758 0.804165 0.341001 0.802922 0.344109 0.803855 0.346596 0.805720 0.349705 0.807896 0.350637 0.811626 0.351570 0.817843 0.352813 0.821884 0.353746 0.825303 0.352813 0.827790 0.351881 0.832142 0.349394 0.832453 0.346596 0.832453 0.343799 0.829033 0.340068 0.818775 0.338514
0 0.543053 0.554243 0.540877 0.557973 0.536836 0.565434 0.536836 0.572272 0.537457 0.583152 0.550202 0.608331 0.554865 0.599938 0.561393 0.597140 0.567920 0.592477 0.571029 0.585017 0.572583 0.576313 0.571340 0.569164 0.568853 0.565123 0.563569 0.560149 0.558284 0.557041 0.553311 0.555176 0.547404 0.551756 0.542742 0.554554
0 0.594343 0.534970 0.592477 0.531862 0.591545 0.527199 0.588436 0.525023 0.581909 0.526888 0.580665 0.529997 0.579733 0.532795 0.579111 0.536214 0.577246 0.540566 0.576935 0.542120 0.577557 0.545539 0.579733 0.547404 0.581598 0.548959 0.586260 0.552689 0.588747 0.554554 0.590923 0.555486 0.596208 0.556108 0.603668 0.551756 0.604601 0.547094 0.603668 0.540877 0.601492 0.537457 0.593721 0.534970
0 0.423376 0.845197 0.422754 0.850793 0.423376 0.855145 0.425241 0.860740 0.426484 0.863227 0.429593 0.867268 0.434256 0.868511 0.437986 0.867578 0.438607 0.862916 0.438607 0.857942 0.437986 0.852347 0.436431 0.848928 0.432390 0.845819 0.428349 0.843954 0.423065 0.845197
0 0.132732 0.432390 0.128070 0.433012 0.124650 0.435188 0.121853 0.436742 0.118744 0.439540 0.117812 0.442959 0.116257 0.445757 0.115636 0.449798 0.114703 0.452596 0.114703 0.455393 0.115947 0.457258 0.117501 0.456947 0.120298 0.456326 0.124029 0.453528 0.128380 0.452285 0.129624 0.452285 0.133976 0.451663 0.136773 0.448555 0.137084 0.447000 0.137084 0.444514 0.136773 0.442648 0.138949 0.437364 0.138949 0.435188 0.138949 0.433634 0.136152 0.432080 0.132111 0.432390
0 0.495182 0.757849 0.490208 0.760336 0.489276 0.763444 0.491452 0.765931 0.497047 0.769039 0.500155 0.771526 0.521915 0.780230 0.527821 0.780230 0.534038 0.779297 0.534038 0.771526 0.533727 0.768729 0.530929 0.765309 0.525645 0.767485 0.520361 0.768418 0.516009 0.766553 0.505440 0.762823 0.494560 0.757849
0 0.746969 0.296239 0.746886 0.296966 0.746638 0.297666 0.746236 0.298311 0.745695 0.298876 0.745035 0.299340 0.744283 0.299685 0.743466 0.299897 0.742617 0.299969 0.741768 0.299897 0.740952 0.299685 0.740200 0.299340 0.739540 0.298876 0.738999 0.298311 0.738597 0.297666 0.738349 0.296966 0.738265 0.296239 0.738349 0.295511 0.738597 0.294811 0.738999 0.294166 0.739540 0.293601 0.740200 0.293137 0.740952 0.292792 0.741768 0.292580 0.742617 0.292509 0.743466 0.292580 0.744283 0.292792 0.745035 0.293137 0.745695 0.293601 0.746236 0.294166 0.746638 0.294811 0.746886 0.295511
0 0.616102 0.560149 0.616030 0.560756 0.615818 0.561339 0.615473 0.561876 0.615009 0.562347 0.614444 0.562734 0.613799 0.563021 0.613099 0.563198 0.612372 0.563258 0.611644 0.563198 0.610944 0.563021 0.610299 0.562734 0.609734 0.562347 0.609270 0.561876 0.608926 0.561339 0.608713 0.560756 0.608642 0.560149 0.608713 0.559543 0.608926 0.558960 0.609270 0.558422 0.609734 0.557951 0.610299 0.557565 0.610944 0.557277 0.611644 0.557100 0.612372 0.557041 0.613099 0.557100 0.613799 0.557277 0.614444 0.557565 0.615009 0.557951 0.615473 0.558422 0.615818 0.558960 0.616030 0.559543
