0 0.264532 0.303699 0.264413 0.304609 0.264059 0.305483 0.263484 0.306290 0.262711 0.306996 0.261769 0.307576 0.260694 0.308007 0.259528 0.308272 0.258315 0.308362 0.257102 0.308272 0.255936 0.308007 0.254861 0.307576 0.253919 0.306996 0.253146 0.306290 0.252571 0.305483 0.252218 0.304609 0.252098 0.303699 0.252218 0.302789 0.252571 0.301915 0.253146 0.301109 0.253919 0.300402 0.254861 0.299822 0.255936 0.299391 0.257102 0.299126 0.258315 0.299036 0.259528 0.299126 0.260694 0.299391 0.261769 0.299822 0.262711 0.300402 0.263484 0.301109 0.264059 0.301915 0.264413 0.302789
0 0.270749 0.573827 0.270666 0.574615 0.270418 0.575373 0.270016 0.576072 0.269475 0.576684 0.268815 0.577187 0.268063 0.577560 0.267246 0.577790 0.266397 0.577868 0.265548 0.577790 0.264732 0.577560 0.263979 0.577187 0.263320 0.576684 0.262779 0.576072 0.262377 0.575373 0.262129 0.574615 0.262045 0.573827 0.262129 0.573038 0.262377 0.572280 0.262779 0.571581 0.263320 0.570969 0.263979 0.570467 0.264732 0.570093 0.265548 0.569863 0.266397 0.569786 0.267246 0.569863 0.268063 0.570093 0.268815 0.570467 0.269475 0.570969 0.270016 0.571581 0.270418 0.572280 0.270666 0.573038
0 0.476220 0.580354 0.476125 0.581203 0.475841 0.582020 0.475382 0.582772 0.474763 0.583432 0.474010 0.583973 0.473150 0.584375 0.472217 0.584623 0.471247 0.584706 0.470276 0.584623 0.469343 0.584375 0.468483 0.583973 0.467730 0.583432 0.467111 0.582772 0.466652 0.582020 0.466368 0.581203 0.466273 0.580354 0.466368 0.579505 0.466652 0.578689 0.467111 0.577937 0.467730 0.577277 0.468483 0.576736 0.469343 0.576334 0.470276 0.576086 0.471247 0.576002 0.472217 0.576086 0.473150 0.576334 0.474010 0.576736 0.474763 0.577277 0.475382 0.577937 0.475841 0.578689 0.476125 0.579505
0 0.462232 0.596829 0.462154 0.597921 0.461924 0.598971 0.461551 0.599938 0.461048 0.600786 0.460436 0.601482 0.459737 0.601999 0.458979 0.602317 0.458191 0.602425 0.457402 0.602317 0.456644 0.601999 0.455946 0.601482 0.455333 0.600786 0.454831 0.599938 0.454457 0.598971 0.454227 0.597921 0.454150 0.596829 0.454227 0.595738 0.454457 0.594688 0.454831 0.593721 0.455333 0.592873 0.455946 0.592177 0.456644 0.591660 0.457402 0.591342 0.458191 0.591234 0.458979 0.591342 0.459737 0.591660 0.460436 0.592177 0.461048 0.592873 0.461551 0.593721 0.461924 0.594688 0.462154 0.595738
0 0.479950 0.599005 0.479777 0.600400 0.479264 0.601741 0.478431 0.602977 0.477310 0.604061 0.475944 0.604950 0.474385 0.605611 0.472694 0.606017 0.470936 0.606155 0.469177 0.606017 0.467486 0.605611 0.465927 0.604950 0.464561 0.604061 0.463440 0.602977 0.462607 0.601741 0.462094 0.600400 0.461921 0.599005 0.462094 0.597610 0.462607 0.596269 0.463440 0.595033 0.464561 0.593950 0.465927 0.593061 0.467486 0.592400 0.469177 0.591993 0.470936 0.591856 0.472694 0.591993 0.474385 0.592400 0.475944 0.593061 0.477310 0.593950 0.478431 0.595033 0.479264 0.596269 0.479777 0.597610
0 0.480572 0.588126 0.480494 0.588975 0.480264 0.589791 0.479891 0.590543 0.479388 0.591203 0.478776 0.591744 0.478077 0.592146 0.477319 0.592394 0.476531 0.592477 0.475743 0.592394 0.474984 0.592146 0.474286 0.591744 0.473673 0.591203 0.473171 0.590543 0.472798 0.589791 0.472568 0.588975 0.472490 0.588126 0.472568 0.587277 0.472798 0.586460 0.473171 0.585708 0.473673 0.585048 0.474286 0.584507 0.474984 0.584105 0.475743 0.583857 0.476531 0.583774 0.477319 0.583857 0.478077 0.584105 0.478776 0.584507 0.479388 0.585048 0.479891 0.585708 0.480264 0.586460 0.480494 0.587277
0 0.473422 0.587815 0.473315 0.589028 0.472997 0.590194 0.472479 0.591269 0.471784 0.592211 0.470936 0.592984 0.469968 0.593558 0.468919 0.593912 0.467827 0.594032 0.466736 0.593912 0.465686 0.593558 0.464719 0.592984 0.463871 0.592211 0.463175 0.591269 0.462658 0.590194 0.462339 0.589028 0.462232 0.587815 0.462339 0.586602 0.462658 0.585436 0.463175 0.584361 0.463871 0.583419 0.464719 0.582646 0.465686 0.582071 0.466736 0.581717 0.467827 0.581598 0.468919 0.581717 0.469968 0.582071 0.470936 0.582646 0.471784 0.583419 0.472479 0.584361 0.472997 0.585436 0.473315 0.586602
0 0.467205 0.585950 0.467122 0.586859 0.466874 0.587734 0.466472 0.588540 0.465931 0.589247 0.465271 0.589827 0.464519 0.590257 0.463703 0.590523 0.462854 0.590612 0.462005 0.590523 0.461188 0.590257 0.460436 0.589827 0.459776 0.589247 0.459235 0.588540 0.458833 0.587734 0.458585 0.586859 0.458502 0.585950 0.458585 0.585040 0.458833 0.584165 0.459235 0.583359 0.459776 0.582653 0.460436 0.582073 0.461188 0.581642 0.462005 0.581377 0.462854 0.581287 0.463703 0.581377 0.464519 0.581642 0.465271 0.582073 0.465931 0.582653 0.466472 0.583359 0.466874 0.584165 0.467122 0.585040
0 0.562325 0.565744 0.562206 0.567079 0.561852 0.568362 0.561277 0.569544 0.560504 0.570580 0.559562 0.571431 0.558487 0.572063 0.557321 0.572452 0.556108 0.572583 0.554895 0.572452 0.553729 0.572063 0.552654 0.571431 0.551712 0.570580 0.550939 0.569544 0.550364 0.568362 0.550011 0.567079 0.549891 0.565744 0.550011 0.564410 0.550364 0.563127 0.550939 0.561945 0.551712 0.560909 0.552654 0.560058 0.553729 0.559426 0.554895 0.559037 0.556108 0.558906 0.557321 0.559037 0.558487 0.559426 0.559562 0.560058 0.560504 0.560909 0.561277 0.561945 0.561852 0.563127 0.562206 0.564410
0 0.557515 0.579353 0.556553 0.577045 0.555850 0.574722 0.555431 0.572471 0.555313 0.570380 0.555500 0.568529 0.555985 0.566989 0.556750 0.565819 0.557765 0.565064 0.558991 0.564754 0.560381 0.564900 0.561881 0.565496 0.563434 0.566520 0.564981 0.567933 0.566461 0.569679 0.567819 0.571692 0.569001 0.573895 0.569962 0.576203 0.570666 0.578527 0.571085 0.580777 0.571203 0.582869 0.571016 0.584720 0.570530 0.586260 0.569766 0.587430 0.568751 0.588184 0.567525 0.588494 0.566135 0.588348 0.564634 0.587752 0.563081 0.586728 0.561534 0.585316 0.560054 0.583569 0.558697 0.581556
0 0.574759 0.559217 0.574675 0.560126 0.574428 0.561001 0.574026 0.561807 0.573484 0.562514 0.572825 0.563094 0.572073 0.563524 0.571256 0.563790 0.570407 0.563879 0.569558 0.563790 0.568742 0.563524 0.567989 0.563094 0.567330 0.562514 0.566789 0.561807 0.566387 0.561001 0.566139 0.560126 0.566055 0.559217 0.566139 0.558307 0.566387 0.557432 0.566789 0.556626 0.567330 0.555920 0.567989 0.555340 0.568742 0.554909 0.569558 0.554644 0.570407 0.554554 0.571256 0.554644 0.572073 0.554909 0.572825 0.555340 0.573484 0.555920 0.574026 0.556626 0.574428 0.557432 0.574675 0.558307
0 0.395710 0.210134 0.395591 0.211892 0.395237 0.213583 0.394663 0.215142 0.393889 0.216508 0.392947 0.217629 0.391872 0.218462 0.390706 0.218975 0.389493 0.219148 0.388280 0.218975 0.387114 0.218462 0.386039 0.217629 0.385097 0.216508 0.384324 0.215142 0.383750 0.213583 0.383396 0.211892 0.383276 0.210134 0.383396 0.208375 0.383750 0.206684 0.384324 0.205125 0.385097 0.203759 0.386039 0.202638 0.387114 0.201805 0.388280 0.201292 0.389493 0.201119 0.390706 0.201292 0.391872 0.201805 0.392947 0.202638 0.393889 0.203759 0.394663 0.205125 0.395237 0.206684 0.395591 0.208375
0 0.346907 0.210445 0.346740 0.211779 0.346245 0.213062 0.345440 0.214244 0.344358 0.215280 0.343039 0.216131 0.341534 0.216763 0.339901 0.217152 0.338203 0.217283 0.336505 0.217152 0.334873 0.216763 0.333368 0.216131 0.332049 0.215280 0.330966 0.214244 0.330162 0.213062 0.329667 0.211779 0.329500 0.210445 0.329667 0.209110 0.330162 0.207827 0.330966 0.206645 0.332049 0.205609 0.333368 0.204758 0.334873 0.204126 0.336505 0.203737 0.338203 0.203606 0.339901 0.203737 0.341534 0.204126 0.343039 0.204758 0.344358 0.205609 0.345440 0.206645 0.346245 0.207827 0.346740 0.209110
0 0.594343 0.261113 0.594151 0.262326 0.593585 0.263492 0.592666 0.264567 0.591429 0.265509 0.589922 0.266282 0.588202 0.266857 0.586336 0.267210 0.584395 0.267330 0.582455 0.267210 0.580589 0.266857 0.578869 0.266282 0.577362 0.265509 0.576125 0.264567 0.575205 0.263492 0.574639 0.262326 0.574448 0.261113 0.574639 0.259900 0.575205 0.258734 0.576125 0.257659 0.577362 0.256717 0.578869 0.255944 0.580589 0.255369 0.582455 0.255015 0.584395 0.254896 0.586336 0.255015 0.588202 0.255369 0.589922 0.255944 0.591429 0.256717 0.592666 0.257659 0.593585 0.258734 0.594151 0.259900
0 0.610507 0.258937 0.610339 0.260453 0.609844 0.261911 0.609040 0.263254 0.607957 0.264432 0.606638 0.265398 0.605134 0.266117 0.603501 0.266559 0.601803 0.266708 0.600105 0.266559 0.598472 0.266117 0.596967 0.265398 0.595648 0.264432 0.594566 0.263254 0.593762 0.261911 0.593266 0.260453 0.593099 0.258937 0.593266 0.257421 0.593762 0.255963 0.594566 0.254619 0.595648 0.253442 0.596967 0.252475 0.598472 0.251757 0.600105 0.251315 0.601803 0.251166 0.603501 0.251315 0.605134 0.251757 0.606638 0.252475 0.607957 0.253442 0.609040 0.254619 0.609844 0.255963 0.610339 0.257421
0 0.599938 0.268573 0.599789 0.269665 0.599346 0.270714 0.598628 0.271682 0.597662 0.272530 0.596484 0.273226 0.595141 0.273743 0.593683 0.274061 0.592167 0.274168 0.590651 0.274061 0.589193 0.273743 0.587849 0.273226 0.586672 0.272530 0.585705 0.271682 0.584987 0.270714 0.584545 0.269665 0.584395 0.268573 0.584545 0.267482 0.584987 0.266432 0.585705 0.265465 0.586672 0.264617 0.587849 0.263921 0.589193 0.263404 0.590651 0.263085 0.592167 0.262978 0.593683 0.263085 0.595141 0.263404 0.596484 0.263921 0.597662 0.264617 0.598628 0.265465 0.599346 0.266432 0.599789 0.267482
0 0.616724 0.268884 0.616604 0.270158 0.616250 0.271382 0.615676 0.272511 0.614903 0.273500 0.613961 0.274312 0.612886 0.274915 0.611720 0.275286 0.610507 0.275412 0.609294 0.275286 0.608128 0.274915 0.607053 0.274312 0.606111 0.273500 0.605337 0.272511 0.604763 0.271382 0.604409 0.270158 0.604290 0.268884 0.604409 0.267611 0.604763 0.266386 0.605337 0.265257 0.606111 0.264268 0.607053 0.263456 0.608128 0.262853 0.609294 0.262482 0.610507 0.262356 0.611720 0.262482 0.612886 0.262853 0.613961 0.263456 0.614903 0.264268 0.615676 0.265257 0.616250 0.266386 0.616604 0.267611
0 0.593721 0.251787 0.593631 0.252636 0.593366 0.253453 0.592935 0.254205 0.592355 0.254865 0.591649 0.255406 0.590842 0.255808 0.589968 0.256056 0.589058 0.256139 0.588148 0.256056 0.587274 0.255808 0.586468 0.255406 0.585761 0.254865 0.585181 0.254205 0.584750 0.253453 0.584485 0.252636 0.584395 0.251787 0.584485 0.250938 0.584750 0.250122 0.585181 0.249370 0.585761 0.248710 0.586468 0.248169 0.587274 0.247767 0.588148 0.247519 0.589058 0.247435 0.589968 0.247519 0.590842 0.247767 0.591649 0.248169 0.592355 0.248710 0.592935 0.249370 0.593366 0.250122 0.593631 0.250938
0 0.601492 0.250544 0.601391 0.251454 0.601090 0.252328 0.600601 0.253134 0.599944 0.253841 0.599144 0.254421 0.598230 0.254852 0.597239 0.255117 0.596208 0.255207 0.595177 0.255117 0.594185 0.254852 0.593272 0.254421 0.592471 0.253841 0.591814 0.253134 0.591325 0.252328 0.591025 0.251454 0.590923 0.250544 0.591025 0.249634 0.591325 0.248760 0.591814 0.247954 0.592471 0.247247 0.593272 0.246667 0.594185 0.246236 0.595177 0.245971 0.596208 0.245881 0.597239 0.245971 0.598230 0.246236 0.599144 0.246667 0.599944 0.247247 0.600601 0.247954 0.601090 0.248760 0.601391 0.249634
0 0.530929 0.287535 0.530661 0.288627 0.529865 0.289676 0.528572 0.290644 0.526832 0.291491 0.524713 0.292187 0.522294 0.292704 0.519670 0.293023 0.516941 0.293130 0.514212 0.293023 0.511588 0.292704 0.509170 0.292187 0.507050 0.291491 0.505310 0.290644 0.504018 0.289676 0.503222 0.288627 0.502953 0.287535 0.503222 0.286443 0.504018 0.285394 0.505310 0.284426 0.507050 0.283579 0.509170 0.282883 0.511588 0.282366 0.514212 0.282047 0.516941 0.281940 0.519670 0.282047 0.522294 0.282366 0.524713 0.282883 0.526832 0.283579 0.528572 0.284426 0.529865 0.285394 0.530661 0.286443
0 0.379928 0.511746 0.380389 0.509409 0.381342 0.507206 0.382752 0.505222 0.384565 0.503533 0.386710 0.502204 0.389106 0.501286 0.391659 0.500814 0.394273 0.500807 0.396847 0.501265 0.399281 0.502169 0.401483 0.503486 0.403367 0.505165 0.404861 0.507141 0.405908 0.509339 0.406468 0.511673 0.406519 0.514054 0.406058 0.516391 0.405105 0.518594 0.403695 0.520578 0.401882 0.522267 0.399737 0.523597 0.397341 0.524515 0.394788 0.524986 0.392174 0.524993 0.389600 0.524536 0.387166 0.523631 0.384964 0.522314 0.383080 0.520635 0.381586 0.518659 0.380539 0.516462 0.379979 0.514128
0 0.307118 0.486167 0.306880 0.489078 0.306172 0.491877 0.305023 0.494457 0.303477 0.496718 0.301592 0.498573 0.299443 0.499952 0.297110 0.500801 0.294684 0.501088 0.292259 0.500801 0.289926 0.499952 0.287777 0.498573 0.285892 0.496718 0.284346 0.494457 0.283197 0.491877 0.282489 0.489078 0.282251 0.486167 0.282489 0.483256 0.283197 0.480457 0.284346 0.477878 0.285892 0.475617 0.287777 0.473761 0.289926 0.472382 0.292259 0.471533 0.294684 0.471247 0.297110 0.471533 0.299443 0.472382 0.301592 0.473761 0.303477 0.475617 0.305023 0.477878 0.306172 0.480457 0.306880 0.483256
0 0.296239 0.503264 0.296030 0.505447 0.295411 0.507546 0.294405 0.509481 0.293052 0.511177 0.291403 0.512569 0.289523 0.513603 0.287482 0.514239 0.285359 0.514454 0.283237 0.514239 0.281196 0.513603 0.279315 0.512569 0.277666 0.511177 0.276313 0.509481 0.275307 0.507546 0.274688 0.505447 0.274479 0.503264 0.274688 0.501081 0.275307 0.498981 0.276313 0.497047 0.277666 0.495351 0.279315 0.493959 0.281196 0.492925 0.283237 0.492288 0.285359 0.492073 0.287482 0.492288 0.289523 0.492925 0.291403 0.493959 0.293052 0.495351 0.294405 0.497047 0.295411 0.498981 0.296030 0.501081
0 0.157900 0.640672 0.157611 0.639255 0.157882 0.637654 0.158705 0.635929 0.160046 0.634148 0.161854 0.632377 0.164061 0.630686 0.166581 0.629139 0.169317 0.627796 0.172164 0.626708 0.175013 0.625918 0.177755 0.625455 0.180283 0.625338 0.182501 0.625570 0.184324 0.626143 0.185681 0.627036 0.186520 0.628212 0.186810 0.629629 0.186538 0.631230 0.185716 0.632955 0.184375 0.634736 0.182566 0.636507 0.180359 0.638198 0.177839 0.639745 0.175103 0.641088 0.172256 0.642176 0.169407 0.642966 0.166666 0.643429 0.164137 0.643546 0.161919 0.643314 0.160097 0.642741 0.158740 0.641848
0 0.295121 0.768806 0.295542 0.769709 0.295537 0.770932 0.295104 0.772429 0.294261 0.774143 0.293040 0.776006 0.291488 0.777949 0.289665 0.779895 0.287640 0.781771 0.285492 0.783503 0.283303 0.785027 0.281157 0.786282 0.279137 0.787221 0.277320 0.787808 0.275776 0.788020 0.274565 0.787849 0.273732 0.787302 0.273311 0.786399 0.273316 0.785176 0.273749 0.783679 0.274592 0.781965 0.275813 0.780102 0.277365 0.778160 0.279188 0.776213 0.281213 0.774338 0.283361 0.772605 0.285550 0.771082 0.287696 0.769826 0.289716 0.768887 0.291533 0.768300 0.293077 0.768088 0.294288 0.768259
0 0.672055 0.821573 0.671870 0.823938 0.671321 0.826212 0.670431 0.828308 0.669232 0.830145 0.667772 0.831653 0.666106 0.832773 0.664298 0.833463 0.662418 0.833696 0.660538 0.833463 0.658731 0.832773 0.657065 0.831653 0.655605 0.830145 0.654406 0.828308 0.653516 0.826212 0.652967 0.823938 0.652782 0.821573 0.652967 0.819208 0.653516 0.816934 0.654406 0.814838 0.655605 0.813001 0.657065 0.811493 0.658731 0.810373 0.660538 0.809683 0.662418 0.809450 0.664298 0.809683 0.666106 0.810373 0.667772 0.811493 0.669232 0.813001 0.670431 0.814838 0.671321 0.816934 0.671870 0.819208
0 0.654025 0.819086 0.653924 0.819996 0.653623 0.820870 0.653135 0.821677 0.652478 0.822383 0.651677 0.822963 0.650763 0.823394 0.649772 0.823659 0.648741 0.823749 0.647710 0.823659 0.646719 0.823394 0.645805 0.822963 0.645004 0.822383 0.644347 0.821677 0.643859 0.820870 0.643558 0.819996 0.643457 0.819086 0.643558 0.818176 0.643859 0.817302 0.644347 0.816496 0.645004 0.815789 0.645805 0.815209 0.646719 0.814778 0.647710 0.814513 0.648741 0.814423 0.649772 0.814513 0.650763 0.814778 0.651677 0.815209 0.652478 0.815789 0.653135 0.816496 0.653623 0.817302 0.653924 0.818176
0 0.605432 0.744309 0.605231 0.744971 0.604864 0.745579 0.604342 0.746108 0.603687 0.746539 0.602924 0.746856 0.602082 0.747045 0.601194 0.747100 0.600293 0.747018 0.599414 0.746803 0.598591 0.746463 0.597856 0.746012 0.597237 0.745465 0.596757 0.744845 0.596435 0.744175 0.596284 0.743482 0.596309 0.742790 0.596509 0.742128 0.596877 0.741521 0.597399 0.740992 0.598053 0.740560 0.598816 0.740244 0.599658 0.740055 0.600547 0.740000 0.601448 0.740082 0.602327 0.740296 0.603149 0.740636 0.603885 0.741088 0.604504 0.741635 0.604984 0.742255 0.605306 0.742924 0.605457 0.743618
0 0.709339 0.560326 0.708649 0.563777 0.707187 0.567028 0.705007 0.569955 0.702194 0.572446 0.698856 0.574405 0.695121 0.575756 0.691132 0.576447 0.687044 0.576452 0.683013 0.575772 0.679194 0.574431 0.675733 0.572481 0.672765 0.569998 0.670402 0.567077 0.668736 0.563829 0.667830 0.560381 0.667720 0.556864 0.668410 0.553413 0.669873 0.550162 0.672053 0.547234 0.674866 0.544744 0.678204 0.542785 0.681939 0.541434 0.685927 0.540743 0.690015 0.540737 0.694046 0.541418 0.697866 0.542759 0.701326 0.544709 0.704295 0.547192 0.706657 0.550113 0.708324 0.553361 0.709229 0.556809
0 0.742928 0.440472 0.742791 0.441989 0.742384 0.443446 0.741723 0.444790 0.740834 0.445968 0.739751 0.446934 0.738515 0.447652 0.737173 0.448094 0.735779 0.448244 0.734384 0.448094 0.733043 0.447652 0.731807 0.446934 0.730723 0.445968 0.729834 0.444790 0.729173 0.443446 0.728767 0.441989 0.728629 0.440472 0.728767 0.438956 0.729173 0.437499 0.729834 0.436155 0.730723 0.434977 0.731807 0.434011 0.733043 0.433293 0.734384 0.432851 0.735779 0.432701 0.737173 0.432851 0.738515 0.433293 0.739751 0.434011 0.740834 0.434977 0.741723 0.436155 0.742384 0.437499 0.742791 0.438956
0 0.678893 0.215418 0.678780 0.216752 0.678444 0.218035 0.677898 0.219217 0.677164 0.220254 0.676269 0.221104 0.675247 0.221736 0.674139 0.222125 0.672987 0.222257 0.671835 0.222125 0.670727 0.221736 0.669706 0.221104 0.668811 0.220254 0.668076 0.219217 0.667531 0.218035 0.667195 0.216752 0.667081 0.215418 0.667195 0.214084 0.667531 0.212801 0.668076 0.211619 0.668811 0.210582 0.669706 0.209732 0.670727 0.209100 0.671835 0.208711 0.672987 0.208579 0.674139 0.208711 0.675247 0.209100 0.676269 0.209732 0.677164 0.210582 0.677898 0.211619 0.678444 0.212801 0.678780 0.214084
0 0.724899 0.179671 0.724780 0.180398 0.724426 0.181098 0.723851 0.181743 0.723078 0.182308 0.722136 0.182772 0.721061 0.183117 0.719895 0.183329 0.718682 0.183401 0.717469 0.183329 0.716303 0.183117 0.715228 0.182772 0.714286 0.182308 0.713513 0.181743 0.712938 0.181098 0.712584 0.180398 0.712465 0.179671 0.712584 0.178943 0.712938 0.178243 0.713513 0.177598 0.714286 0.177033 0.715228 0.176569 0.716303 0.176224 0.717469 0.176012 0.718682 0.175940 0.719895 0.176012 0.721061 0.176224 0.722136 0.176569 0.723078 0.177033 0.723851 0.177598 0.724426 0.178243 0.724780 0.178943
0 0.729873 0.202052 0.729783 0.202719 0.729518 0.203360 0.729087 0.203951 0.728507 0.204469 0.727800 0.204895 0.726994 0.205211 0.726119 0.205405 0.725210 0.205471 0.724300 0.205405 0.723425 0.205211 0.722619 0.204895 0.721913 0.204469 0.721333 0.203951 0.720902 0.203360 0.720637 0.202719 0.720547 0.202052 0.720637 0.201385 0.720902 0.200743 0.721333 0.200152 0.721913 0.199634 0.722619 0.199209 0.723425 0.198893 0.724300 0.198698 0.725210 0.198632 0.726119 0.198698 0.726994 0.198893 0.727800 0.199209 0.728507 0.199634 0.729087 0.200152 0.729518 0.200743 0.729783 0.201385
0 0.628536 0.272303 0.628470 0.272789 0.628276 0.273255 0.627960 0.273685 0.627534 0.274062 0.627016 0.274371 0.626425 0.274601 0.625784 0.274742 0.625117 0.274790 0.624449 0.274742 0.623808 0.274601 0.623217 0.274371 0.622699 0.274062 0.622273 0.273685 0.621958 0.273255 0.621763 0.272789 0.621697 0.272303 0.621763 0.271818 0.621958 0.271352 0.622273 0.270922 0.622699 0.270545 0.623217 0.270236 0.623808 0.270006 0.624449 0.269864 0.625117 0.269817 0.625784 0.269864 0.626425 0.270006 0.627016 0.270236 0.627534 0.270545 0.627960 0.270922 0.628276 0.271352 0.628470 0.271818
0 0.621386 0.275412 0.621315 0.276079 0.621102 0.276720 0.620758 0.277312 0.620294 0.277830 0.619729 0.278255 0.619084 0.278571 0.618384 0.278766 0.617656 0.278831 0.616928 0.278766 0.616229 0.278571 0.615584 0.278255 0.615019 0.277830 0.614555 0.277312 0.614210 0.276720 0.613998 0.276079 0.613926 0.275412 0.613998 0.274745 0.614210 0.274103 0.614555 0.273512 0.615019 0.272994 0.615584 0.272569 0.616229 0.272253 0.616928 0.272058 0.617656 0.271993 0.618384 0.272058 0.619084 0.272253 0.619729 0.272569 0.620294 0.272994 0.620758 0.273512 0.621102 0.274103 0.621315 0.274745
0 0.607398 0.273547 0.607327 0.274335 0.607114 0.275093 0.606770 0.275792 0.606306 0.276404 0.605740 0.276907 0.605095 0.277280 0.604396 0.277510 0.603668 0.277588 0.602940 0.277510 0.602241 0.277280 0.601596 0.276907 0.601030 0.276404 0.600566 0.275792 0.600222 0.275093 0.600010 0.274335 0.599938 0.273547 0.600010 0.272758 0.600222 0.272000 0.600566 0.271302 0.601030 0.270689 0.601596 0.270187 0.602241 0.269813 0.602940 0.269583 0.603668 0.269506 0.604396 0.269583 0.605095 0.269813 0.605740 0.270187 0.606306 0.270689 0.606770 0.271302 0.607114 0.272000 0.607327 0.272758
0 0.572583 0.262356 0.572494 0.263023 0.572228 0.263665 0.571797 0.264256 0.571217 0.264774 0.570511 0.265199 0.569705 0.265515 0.568830 0.265710 0.567920 0.265776 0.567011 0.265710 0.566136 0.265515 0.565330 0.265199 0.564623 0.264774 0.564044 0.264256 0.563613 0.263665 0.563347 0.263023 0.563258 0.262356 0.563347 0.261689 0.563613 0.261048 0.564044 0.260457 0.564623 0.259938 0.565330 0.259513 0.566136 0.259197 0.567011 0.259003 0.567920 0.258937 0.568830 0.259003 0.569705 0.259197 0.570511 0.259513 0.571217 0.259938 0.571797 0.260457 0.572228 0.261048 0.572494 0.261689
0 0.572583 0.268884 0.572529 0.269490 0.572370 0.270074 0.572112 0.270611 0.571764 0.271082 0.571340 0.271469 0.570856 0.271756 0.570331 0.271933 0.569786 0.271993 0.569240 0.271933 0.568715 0.271756 0.568231 0.271469 0.567807 0.271082 0.567459 0.270611 0.567201 0.270074 0.567042 0.269490 0.566988 0.268884 0.567042 0.268278 0.567201 0.267694 0.567459 0.267157 0.567807 0.266686 0.568231 0.266299 0.568715 0.266012 0.569240 0.265835 0.569786 0.265776 0.570331 0.265835 0.570856 0.266012 0.571340 0.266299 0.571764 0.266686 0.572112 0.267157 0.572370 0.267694 0.572529 0.268278
0 0.502021 0.239664 0.501883 0.240756 0.501476 0.241806 0.500816 0.242773 0.499926 0.243621 0.498843 0.244317 0.497607 0.244834 0.496266 0.245152 0.494871 0.245260 0.493476 0.245152 0.492135 0.244834 0.490899 0.244317 0.489816 0.243621 0.488926 0.242773 0.488266 0.241806 0.487859 0.240756 0.487721 0.239664 0.487859 0.238573 0.488266 0.237523 0.488926 0.236556 0.489816 0.235708 0.490899 0.235012 0.492135 0.234495 0.493476 0.234177 0.494871 0.234069 0.496266 0.234177 0.497607 0.234495 0.498843 0.235012 0.499926 0.235708 0.500816 0.236556 0.501476 0.237523 0.501883 0.238573
0 0.500466 0.250544 0.500359 0.251514 0.500040 0.252447 0.499523 0.253307 0.498827 0.254061 0.497980 0.254679 0.497012 0.255139 0.495963 0.255422 0.494871 0.255518 0.493779 0.255422 0.492730 0.255139 0.491762 0.254679 0.490915 0.254061 0.490219 0.253307 0.489702 0.252447 0.489383 0.251514 0.489276 0.250544 0.489383 0.249574 0.489702 0.248641 0.490219 0.247781 0.490915 0.247027 0.491762 0.246409 0.492730 0.245949 0.493779 0.245666 0.494871 0.245570 0.495963 0.245666 0.497012 0.245949 0.497980 0.246409 0.498827 0.247027 0.499523 0.247781 0.500040 0.248641 0.500359 0.249574
0 0.475598 0.273236 0.475521 0.274085 0.475291 0.274901 0.474917 0.275654 0.474415 0.276313 0.473802 0.276854 0.473104 0.277257 0.472346 0.277504 0.471557 0.277588 0.470769 0.277504 0.470011 0.277257 0.469312 0.276854 0.468700 0.276313 0.468197 0.275654 0.467824 0.274901 0.467594 0.274085 0.467516 0.273236 0.467594 0.272387 0.467824 0.271571 0.468197 0.270818 0.468700 0.270159 0.469312 0.269617 0.470011 0.269215 0.470769 0.268968 0.471557 0.268884 0.472346 0.268968 0.473104 0.269215 0.473802 0.269617 0.474415 0.270159 0.474917 0.270818 0.475291 0.271571 0.475521 0.272387
0 0.491452 0.256450 0.491374 0.257057 0.491144 0.257640 0.490771 0.258177 0.490268 0.258648 0.489656 0.259035 0.488957 0.259322 0.488199 0.259499 0.487411 0.259559 0.486622 0.259499 0.485864 0.259322 0.485166 0.259035 0.484553 0.258648 0.484051 0.258177 0.483677 0.257640 0.483447 0.257057 0.483370 0.256450 0.483447 0.255844 0.483677 0.255261 0.484051 0.254723 0.484553 0.254252 0.485166 0.253865 0.485864 0.253578 0.486622 0.253401 0.487411 0.253342 0.488199 0.253401 0.488957 0.253578 0.489656 0.253865 0.490268 0.254252 0.490771 0.254723 0.491144 0.255261 0.491374 0.255844
0 0.483370 0.258937 0.483298 0.259604 0.483086 0.260245 0.482741 0.260837 0.482277 0.261355 0.481712 0.261780 0.481067 0.262096 0.480367 0.262291 0.479639 0.262356 0.478912 0.262291 0.478212 0.262096 0.477567 0.261780 0.477002 0.261355 0.476538 0.260837 0.476193 0.260245 0.475981 0.259604 0.475909 0.258937 0.475981 0.258270 0.476193 0.257628 0.476538 0.257037 0.477002 0.256519 0.477567 0.256094 0.478212 0.255778 0.478912 0.255583 0.479639 0.255518 0.480367 0.255583 0.481067 0.255778 0.481712 0.256094 0.482277 0.256519 0.482741 0.257037 0.483086 0.257628 0.483298 0.258270
0 0.513522 0.170034 0.513355 0.171672 0.512859 0.173246 0.512055 0.174697 0.510973 0.175969 0.509654 0.177013 0.508149 0.177788 0.506516 0.178266 0.504818 0.178427 0.503120 0.178266 0.501487 0.177788 0.499983 0.177013 0.498664 0.175969 0.497581 0.174697 0.496777 0.173246 0.496282 0.171672 0.496114 0.170034 0.496282 0.168397 0.496777 0.166822 0.497581 0.165371 0.498664 0.164100 0.499983 0.163056 0.501487 0.162280 0.503120 0.161803 0.504818 0.161641 0.506516 0.161803 0.508149 0.162280 0.509654 0.163056 0.510973 0.164100 0.512055 0.165371 0.512859 0.166822 0.513355 0.168397
0 0.543765 0.201689 0.545105 0.199201 0.546593 0.196905 0.548172 0.194891 0.549781 0.193236 0.551359 0.192003 0.552844 0.191240 0.554180 0.190976 0.555315 0.191221 0.556206 0.191966 0.556819 0.193182 0.557129 0.194823 0.557126 0.196825 0.556808 0.199112 0.556189 0.201595 0.555292 0.204179 0.554152 0.206766 0.552812 0.209254 0.551324 0.211550 0.549745 0.213564 0.548136 0.215219 0.546558 0.216452 0.545073 0.217215 0.543737 0.217479 0.542602 0.217234 0.541711 0.216489 0.541098 0.215273 0.540788 0.213632 0.540792 0.211630 0.541109 0.209343 0.541728 0.206860 0.542625 0.204276
0 0.705937 0.270438 0.705621 0.273470 0.704683 0.276386 0.703161 0.279073 0.701112 0.281428 0.698615 0.283361 0.695767 0.284798 0.692676 0.285682 0.689462 0.285981 0.686248 0.285682 0.683158 0.284798 0.680309 0.283361 0.677813 0.281428 0.675764 0.279073 0.674241 0.276386 0.673304 0.273470 0.672987 0.270438 0.673304 0.267406 0.674241 0.264490 0.675764 0.261803 0.677813 0.259448 0.680309 0.257515 0.683158 0.256079 0.686248 0.255195 0.689462 0.254896 0.692676 0.255195 0.695767 0.256079 0.698615 0.257515 0.701112 0.259448 0.703161 0.261803 0.704683 0.264490 0.705621 0.267406
0 0.488343 0.847062 0.488110 0.848882 0.487420 0.850631 0.486300 0.852243 0.484792 0.853657 0.482955 0.854816 0.480859 0.855678 0.478585 0.856209 0.476220 0.856388 0.473855 0.856209 0.471581 0.855678 0.469485 0.854816 0.467648 0.853657 0.466140 0.852243 0.465020 0.850631 0.464330 0.848882 0.464097 0.847062 0.464330 0.845243 0.465020 0.843494 0.466140 0.841882 0.467648 0.840468 0.469485 0.839309 0.471581 0.838447 0.473855 0.837916 0.476220 0.837737 0.478585 0.837916 0.480859 0.838447 0.482955 0.839309 0.484792 0.840468 0.486300 0.841882 0.487420 0.843494 0.488110 0.845243
0 0.418402 0.561703 0.418307 0.562734 0.418024 0.563726 0.417564 0.564639 0.416946 0.565440 0.416192 0.566097 0.415332 0.566586 0.414399 0.566886 0.413429 0.566988 0.412458 0.566886 0.411525 0.566586 0.410665 0.566097 0.409912 0.565440 0.409293 0.564639 0.408834 0.563726 0.408551 0.562734 0.408455 0.561703 0.408551 0.560673 0.408834 0.559681 0.409293 0.558768 0.409912 0.557967 0.410665 0.557310 0.411525 0.556821 0.412458 0.556521 0.413429 0.556419 0.414399 0.556521 0.415332 0.556821 0.416192 0.557310 0.416946 0.557967 0.417564 0.558768 0.418024 0.559681 0.418307 0.560673
0 0.224122 0.332297 0.223961 0.333510 0.223483 0.334676 0.222707 0.335751 0.221664 0.336693 0.220392 0.337466 0.218941 0.338041 0.217366 0.338395 0.215729 0.338514 0.214092 0.338395 0.212517 0.338041 0.211066 0.337466 0.209794 0.336693 0.208750 0.335751 0.207975 0.334676 0.207497 0.333510 0.207336 0.332297 0.207497 0.331084 0.207975 0.329918 0.208750 0.328843 0.209794 0.327901 0.211066 0.327128 0.212517 0.326553 0.214092 0.326200 0.215729 0.326080 0.217366 0.326200 0.218941 0.326553 0.220392 0.327128 0.221664 0.327901 0.222707 0.328843 0.223483 0.329918 0.223961 0.331084
0 0.224744 0.348772 0.224654 0.349742 0.224389 0.350675 0.223958 0.351535 0.223378 0.352289 0.222671 0.352908 0.221865 0.353367 0.220990 0.353650 0.220081 0.353746 0.219171 0.353650 0.218296 0.353367 0.217490 0.352908 0.216784 0.352289 0.216204 0.351535 0.215773 0.350675 0.215508 0.349742 0.215418 0.348772 0.215508 0.347802 0.215773 0.346869 0.216204 0.346009 0.216784 0.345255 0.217490 0.344637 0.218296 0.344177 0.219171 0.343894 0.220081 0.343799 0.220990 0.343894 0.221865 0.344177 0.222671 0.344637 0.223378 0.345255 0.223958 0.346009 0.224389 0.346869 0.224654 0.347802
0 0.251166 0.391980 0.251100 0.392708 0.250905 0.393408 0.250589 0.394052 0.250164 0.394618 0.249646 0.395082 0.249055 0.395426 0.248413 0.395639 0.247746 0.395710 0.247079 0.395639 0.246438 0.395426 0.245847 0.395082 0.245329 0.394618 0.244903 0.394052 0.244587 0.393408 0.244393 0.392708 0.244327 0.391980 0.244393 0.391252 0.244587 0.390553 0.244903 0.389908 0.245329 0.389342 0.245847 0.388879 0.246438 0.388534 0.247079 0.388322 0.247746 0.388250 0.248413 0.388322 0.249055 0.388534 0.249646 0.388879 0.250164 0.389342 0.250589 0.389908 0.250905 0.390553 0.251100 0.391252
0 0.332297 0.378303 0.332214 0.379516 0.331966 0.380682 0.331564 0.381757 0.331023 0.382699 0.330363 0.383472 0.329611 0.384047 0.328794 0.384400 0.327945 0.384520 0.327096 0.384400 0.326280 0.384047 0.325528 0.383472 0.324868 0.382699 0.324327 0.381757 0.323925 0.380682 0.323677 0.379516 0.323593 0.378303 0.323677 0.377090 0.323925 0.375924 0.324327 0.374849 0.324868 0.373907 0.325528 0.373134 0.326280 0.372559 0.327096 0.372205 0.327945 0.372086 0.328794 0.372205 0.329611 0.372559 0.330363 0.373134 0.331023 0.373907 0.331564 0.374849 0.331966 0.375924 0.332214 0.377090
0 0.631334 0.039167 0.631136 0.040986 0.630553 0.042736 0.629605 0.044348 0.628329 0.045761 0.626775 0.046921 0.625001 0.047783 0.623077 0.048313 0.621076 0.048492 0.619074 0.048313 0.617150 0.047783 0.615376 0.046921 0.613822 0.045761 0.612546 0.044348 0.611598 0.042736 0.611015 0.040986 0.610818 0.039167 0.611015 0.037348 0.611598 0.035598 0.612546 0.033986 0.613822 0.032573 0.615376 0.031413 0.617150 0.030551 0.619074 0.030021 0.621076 0.029841 0.623077 0.030021 0.625001 0.030551 0.626775 0.031413 0.628329 0.032573 0.629605 0.033986 0.630553 0.035598 0.631136 0.037348
0 0.554167 0.115812 0.553833 0.116610 0.553158 0.117311 0.552165 0.117888 0.550894 0.118319 0.549393 0.118586 0.547720 0.118681 0.545940 0.118599 0.544120 0.118343 0.542331 0.117923 0.540641 0.117356 0.539116 0.116663 0.537814 0.115871 0.536784 0.115010 0.536067 0.114113 0.535691 0.113215 0.535668 0.112351 0.536002 0.111552 0.536678 0.110852 0.537670 0.110275 0.538941 0.109844 0.540442 0.109577 0.542115 0.109482 0.543895 0.109564 0.545715 0.109820 0.547504 0.110240 0.549194 0.110807 0.550719 0.111500 0.552022 0.112292 0.553051 0.113153 0.553768 0.114050 0.554145 0.114948
0 0.803994 0.386839 0.803961 0.388481 0.803052 0.390294 0.801302 0.392208 0.798778 0.394148 0.795577 0.396041 0.791822 0.397814 0.787657 0.399398 0.783243 0.400733 0.778749 0.401768 0.774347 0.402462 0.770208 0.402790 0.766489 0.402737 0.763335 0.402308 0.760865 0.401517 0.759176 0.400395 0.758331 0.398986 0.758364 0.397344 0.759273 0.395531 0.761023 0.393618 0.763547 0.391677 0.766748 0.389784 0.770503 0.388012 0.774668 0.386427 0.779082 0.385092 0.783576 0.384057 0.787978 0.383363 0.792117 0.383036 0.795836 0.383088 0.798990 0.383518 0.801460 0.384309 0.803149 0.385430
0 0.809450 0.546783 0.809175 0.548178 0.808361 0.549519 0.807040 0.550755 0.805262 0.551838 0.803095 0.552727 0.800623 0.553388 0.797940 0.553795 0.795151 0.553932 0.792361 0.553795 0.789679 0.553388 0.787207 0.552727 0.785040 0.551838 0.783262 0.550755 0.781940 0.549519 0.781126 0.548178 0.780852 0.546783 0.781126 0.545388 0.781940 0.544047 0.783262 0.542811 0.785040 0.541727 0.787207 0.540838 0.789679 0.540177 0.792361 0.539771 0.795151 0.539633 0.797940 0.539771 0.800623 0.540177 0.803095 0.540838 0.805262 0.541727 0.807040 0.542811 0.808361 0.544047 0.809175 0.545388
0 0.512900 0.758471 0.512805 0.759259 0.512522 0.760017 0.512062 0.760716 0.511443 0.761328 0.510690 0.761831 0.509830 0.762204 0.508897 0.762434 0.507927 0.762512 0.506956 0.762434 0.506023 0.762204 0.505163 0.761831 0.504410 0.761328 0.503791 0.760716 0.503332 0.760017 0.503049 0.759259 0.502953 0.758471 0.503049 0.757682 0.503332 0.756924 0.503791 0.756226 0.504410 0.755613 0.505163 0.755111 0.506023 0.754737 0.506956 0.754507 0.507927 0.754430 0.508897 0.754507 0.509830 0.754737 0.510690 0.755111 0.511443 0.755613 0.512062 0.756226 0.512522 0.756924 0.512805 0.757682
0 0.800435 0.338203 0.800340 0.339052 0.800057 0.339869 0.799597 0.340621 0.798978 0.341281 0.798225 0.341822 0.797365 0.342224 0.796432 0.342472 0.795462 0.342555 0.794491 0.342472 0.793558 0.342224 0.792698 0.341822 0.791945 0.341281 0.791326 0.340621 0.790867 0.339869 0.790584 0.339052 0.790488 0.338203 0.790584 0.337354 0.790867 0.336538 0.791326 0.335786 0.791945 0.335126 0.792698 0.334585 0.793558 0.334183 0.794491 0.333935 0.795462 0.333851 0.796432 0.333935 0.797365 0.334183 0.798225 0.334585 0.798978 0.335126 0.799597 0.335786 0.800057 0.336538 0.800340 0.337354
0 0.354678 0.164750 0.365558 0.166304 0.371775 0.166615 0.373329 0.162574 0.368356 0.158222 0.359652 0.155424 0.349394 0.157289 0.343488 0.158533 0.341623 0.162885 0.341933 0.165682
0 0.541809 0.147964 0.552378 0.144855 0.556730 0.139260 0.556730 0.133665 0.548337 0.128380 0.535281 0.125272 0.528753 0.128380 0.525645 0.130867 0.526267 0.137084 0.529686 0.140504
0 0.707802 0.207336 0.714641 0.202984 0.720547 0.201119 0.723345 0.197389 0.718993 0.193348 0.711222 0.191483 0.700653 0.192415 0.695368 0.197700 0.692882 0.201119
0 0.829344 0.341933 0.834007 0.344109 0.839913 0.347529 0.843954 0.347840 0.846441 0.345353 0.844887 0.341001 0.839602 0.336338 0.831520 0.333851 0.825303 0.333230 0.822505 0.336027
0 0.869754 0.537146 0.877836 0.537768 0.879391 0.532173 0.877215 0.526888 0.872241 0.520050 0.864781 0.516009 0.858875 0.513833 0.853901 0.516320 0.854834 0.523158 0.858875 0.534660 0.862605 0.535281
0 0.799503 0.699099 0.804165 0.706248 0.808517 0.711532 0.813491 0.708113 0.813491 0.703450 0.810382 0.695990 0.805098 0.690395 0.797016 0.688219 0.790488 0.684800 0.788623 0.688530 0.788623 0.691638
0 0.284116 0.631334 0.287846 0.633199 0.286602 0.638172 0.284116 0.640037 0.281940 0.638794 0.279453 0.634753 0.279453 0.631955
0 0.248990 0.501710 0.256139 0.506994 0.257383 0.511968 0.257694 0.515387 0.254585 0.518495 0.248368 0.519739 0.239975 0.517874 0.233758 0.516630 0.233447 0.512279 0.234691 0.506372 0.238421 0.502642
0 0.130867 0.470003 0.139571 0.467827 0.143923 0.463475 0.143301 0.456326 0.140504 0.451663 0.137395 0.447933 0.133665 0.449798 0.129624 0.454150 0.128691 0.458502 0.127137 0.462854 0.126205 0.467205 0.127137 0.469381 0.129624 0.470314 0.132732 0.470003
0 0.222878 0.285981 0.221324 0.293752 0.216661 0.297793 0.205782 0.295306 0.204538 0.291265 0.203606 0.289711 0.198632 0.289711 0.193348 0.286913 0.193348 0.285359 0.196145 0.279453 0.196767 0.278831 0.201741 0.276344 0.206093 0.277277 0.210755 0.277277 0.211999 0.272925 0.212310 0.272614 0.214796 0.272303 0.224122 0.277899 0.224122 0.278831
0 0.420578 0.302145 0.420477 0.302873 0.420176 0.303572 0.419688 0.304217 0.419030 0.304782 0.418230 0.305246 0.417316 0.305591 0.416325 0.305803 0.415294 0.305875 0.414263 0.305803 0.413271 0.305591 0.412358 0.305246 0.411557 0.304782 0.410900 0.304217 0.410412 0.303572 0.410111 0.302873 0.410009 0.302145 0.410111 0.301417 0.410412 0.300717 0.410900 0.300072 0.411557 0.299507 0.412358 0.299043 0.413271 0.298699 0.414263 0.298486 0.415294 0.298415 0.416325 0.298486 0.417316 0.298699 0.418230 0.299043 0.419030 0.299507 0.419688 0.300072 0.420176 0.300717 0.420477 0.301417
0 0.579733 0.279142 0.579601 0.280234 0.579212 0.281283 0.578580 0.282251 0.577730 0.283099 0.576693 0.283794 0.575511 0.284311 0.574228 0.284630 0.572894 0.284737 0.571560 0.284630 0.570277 0.284311 0.569095 0.283794 0.568058 0.283099 0.567208 0.282251 0.566576 0.281283 0.566187 0.280234 0.566055 0.279142 0.566187 0.278050 0.566576 0.277001 0.567208 0.276033 0.568058 0.275186 0.569095 0.274490 0.570277 0.273973 0.571560 0.273654 0.572894 0.273547 0.574228 0.273654 0.575511 0.273973 0.576693 0.274490 0.577730 0.275186 0.578580 0.276033 0.579212 0.277001 0.579601 0.278050
0 0.731738 0.365247 0.731618 0.366217 0.731264 0.367150 0.730690 0.368010 0.729917 0.368764 0.728975 0.369383 0.727900 0.369842 0.726734 0.370125 0.725521 0.370221 0.724308 0.370125 0.723142 0.369842 0.722067 0.369383 0.721125 0.368764 0.720351 0.368010 0.719777 0.367150 0.719423 0.366217 0.719304 0.365247 0.719423 0.364277 0.719777 0.363344 0.720351 0.362484 0.721125 0.361730 0.722067 0.361112 0.723142 0.360652 0.724308 0.360369 0.725521 0.360274 0.726734 0.360369 0.727900 0.360652 0.728975 0.361112 0.729917 0.361730 0.730690 0.362484 0.731264 0.363344 0.731618 0.364277
0 0.835015 0.320323 0.835533 0.319921 0.836387 0.319768 0.837543 0.319869 0.838957 0.320221 0.840576 0.320810 0.842336 0.321613 0.844171 0.322600 0.846009 0.323733 0.847780 0.324968 0.849416 0.326257 0.850853 0.327552 0.852038 0.328802 0.852924 0.329959 0.853478 0.330980 0.853677 0.331824 0.853514 0.332459 0.852996 0.332861 0.852143 0.333014 0.850987 0.332913 0.849572 0.332561 0.847954 0.331972 0.846193 0.331169 0.844359 0.330182 0.842521 0.329049 0.840750 0.327814 0.839114 0.326525 0.837676 0.325230 0.836491 0.323980 0.835605 0.322823 0.835052 0.321802 0.834853 0.320958
0 0.813802 0.550202 0.813700 0.550687 0.813399 0.551154 0.812911 0.551584 0.812254 0.551960 0.811453 0.552270 0.810540 0.552500 0.809548 0.552641 0.808517 0.552689 0.807486 0.552641 0.806495 0.552500 0.805581 0.552270 0.804781 0.551960 0.804123 0.551584 0.803635 0.551154 0.803334 0.550687 0.803233 0.550202 0.803334 0.549717 0.803635 0.549250 0.804123 0.548820 0.804781 0.548444 0.805581 0.548134 0.806495 0.547905 0.807486 0.547763 0.808517 0.547715 0.809548 0.547763 0.810540 0.547905 0.811453 0.548134 0.812254 0.548444 0.812911 0.548820 0.813399 0.549250 0.813700 0.549717
0 0.818464 0.553621 0.818399 0.554107 0.818204 0.554573 0.817888 0.555003 0.817463 0.555380 0.816945 0.555689 0.816354 0.555919 0.815712 0.556060 0.815045 0.556108 0.814378 0.556060 0.813737 0.555919 0.813145 0.555689 0.812627 0.555380 0.812202 0.555003 0.811886 0.554573 0.811691 0.554107 0.811626 0.553621 0.811691 0.553136 0.811886 0.552670 0.812202 0.552240 0.812627 0.551863 0.813145 0.551554 0.813737 0.551324 0.814378 0.551182 0.815045 0.551135 0.815712 0.551182 0.816354 0.551324 0.816945 0.551554 0.817463 0.551863 0.817888 0.552240 0.818204 0.552670 0.818399 0.553136
0 0.799813 0.703140 0.799718 0.703928 0.799435 0.704686 0.798975 0.705385 0.798357 0.705997 0.797603 0.706500 0.796743 0.706873 0.795810 0.707103 0.794840 0.707181 0.793870 0.707103 0.792937 0.706873 0.792077 0.706500 0.791323 0.705997 0.790705 0.705385 0.790245 0.704686 0.789962 0.703928 0.789866 0.703140 0.789962 0.702351 0.790245 0.701593 0.790705 0.700894 0.791323 0.700282 0.792077 0.699780 0.792937 0.699406 0.793870 0.699176 0.794840 0.699099 0.795810 0.699176 0.796743 0.699406 0.797603 0.699780 0.798357 0.700282 0.798975 0.700894 0.799435 0.701593 0.799718 0.702351
0 0.789866 0.663662 0.789801 0.664511 0.789606 0.665327 0.789290 0.666080 0.788865 0.666739 0.788347 0.667280 0.787756 0.667682 0.787114 0.667930 0.786447 0.668014 0.785780 0.667930 0.785138 0.667682 0.784547 0.667280 0.784029 0.666739 0.783604 0.666080 0.783288 0.665327 0.783093 0.664511 0.783028 0.663662 0.783093 0.662813 0.783288 0.661996 0.783604 0.661244 0.784029 0.660585 0.784547 0.660043 0.785138 0.659641 0.785780 0.659394 0.786447 0.659310 0.787114 0.659394 0.787756 0.659641 0.788347 0.660043 0.788865 0.660585 0.789290 0.661244 0.789606 0.661996 0.789801 0.662813
