0 0.534970 0.283183 0.534827 0.284517 0.534403 0.285800 0.533713 0.286982 0.532785 0.288019 0.531655 0.288869 0.530365 0.289501 0.528966 0.289890 0.527510 0.290022 0.526055 0.289890 0.524655 0.289501 0.523365 0.288869 0.522235 0.288019 0.521307 0.286982 0.520618 0.285800 0.520193 0.284517 0.520050 0.283183 0.520193 0.281849 0.520618 0.280566 0.521307 0.279384 0.522235 0.278347 0.523365 0.277497 0.524655 0.276865 0.526055 0.276476 0.527510 0.276344 0.528966 0.276476 0.530365 0.276865 0.531655 0.277497 0.532785 0.278347 0.533713 0.279384 0.534403 0.280566 0.534827 0.281849
0 0.546161 0.283805 0.546018 0.284957 0.545593 0.286065 0.544904 0.287086 0.543976 0.287981 0.542845 0.288716 0.541556 0.289261 0.540156 0.289597 0.538701 0.289711 0.537245 0.289597 0.535846 0.289261 0.534556 0.288716 0.533425 0.287981 0.532498 0.287086 0.531808 0.286065 0.531384 0.284957 0.531240 0.283805 0.531384 0.282653 0.531808 0.281545 0.532498 0.280524 0.533425 0.279629 0.534556 0.278894 0.535846 0.278348 0.537245 0.278012 0.538701 0.277899 0.540156 0.278012 0.541556 0.278348 0.542845 0.278894 0.543976 0.279629 0.544904 0.280524 0.545593 0.281545 0.546018 0.282653
0 0.480572 0.243084 0.480429 0.244418 0.480004 0.245701 0.479315 0.246883 0.478387 0.247919 0.477256 0.248770 0.475967 0.249402 0.474567 0.249791 0.473112 0.249922 0.471656 0.249791 0.470257 0.249402 0.468967 0.248770 0.467836 0.247919 0.466909 0.246883 0.466219 0.245701 0.465795 0.244418 0.465651 0.243084 0.465795 0.241749 0.466219 0.240467 0.466909 0.239284 0.467836 0.238248 0.468967 0.237397 0.470257 0.236766 0.471656 0.236376 0.473112 0.236245 0.474567 0.236376 0.475967 0.236766 0.477256 0.237397 0.478387 0.238248 0.479315 0.239284 0.480004 0.240467 0.480429 0.241749
0 0.464408 0.243705 0.464306 0.244736 0.464006 0.245728 0.463517 0.246641 0.462860 0.247442 0.462059 0.248099 0.461146 0.248587 0.460154 0.248888 0.459123 0.248990 0.458092 0.248888 0.457101 0.248587 0.456188 0.248099 0.455387 0.247442 0.454730 0.246641 0.454241 0.245728 0.453941 0.244736 0.453839 0.243705 0.453941 0.242674 0.454241 0.241683 0.454730 0.240769 0.455387 0.239969 0.456188 0.239311 0.457101 0.238823 0.458092 0.238522 0.459123 0.238421 0.460154 0.238522 0.461146 0.238823 0.462059 0.239311 0.462860 0.239969 0.463517 0.240769 0.464006 0.241683 0.464306 0.242674
0 0.471247 0.225054 0.471115 0.226207 0.470726 0.227315 0.470094 0.228336 0.469244 0.229231 0.468207 0.229965 0.467025 0.230511 0.465742 0.230847 0.464408 0.230961 0.463074 0.230847 0.461791 0.230511 0.460608 0.229965 0.459572 0.229231 0.458722 0.228336 0.458090 0.227315 0.457701 0.226207 0.457569 0.225054 0.457701 0.223902 0.458090 0.222794 0.458722 0.221773 0.459572 0.220878 0.460608 0.220144 0.461791 0.219598 0.463074 0.219262 0.464408 0.219148 0.465742 0.219262 0.467025 0.219598 0.468207 0.220144 0.469244 0.220878 0.470094 0.221773 0.470726 0.222794 0.471115 0.223902
0 0.470936 0.231893 0.470822 0.232924 0.470486 0.233915 0.469940 0.234829 0.469206 0.235630 0.468311 0.236287 0.467290 0.236775 0.466182 0.237076 0.465030 0.237177 0.463877 0.237076 0.462769 0.236775 0.461748 0.236287 0.460853 0.235630 0.460119 0.234829 0.459573 0.233915 0.459237 0.232924 0.459123 0.231893 0.459237 0.230862 0.459573 0.229871 0.460119 0.228957 0.460853 0.228156 0.461748 0.227499 0.462769 0.227011 0.463877 0.226710 0.465030 0.226609 0.466182 0.226710 0.467290 0.227011 0.468311 0.227499 0.469206 0.228156 0.469940 0.228957 0.470486 0.229871 0.470822 0.230862
0 0.494871 0.228785 0.494728 0.229937 0.494303 0.231045 0.493614 0.232066 0.492686 0.232961 0.491555 0.233695 0.490266 0.234241 0.488866 0.234577 0.487411 0.234691 0.485955 0.234577 0.484556 0.234241 0.483266 0.233695 0.482135 0.232961 0.481208 0.232066 0.480518 0.231045 0.480094 0.229937 0.479950 0.228785 0.480094 0.227632 0.480518 0.226524 0.481208 0.225503 0.482135 0.224608 0.483266 0.223874 0.484556 0.223328 0.485955 0.222992 0.487411 0.222878 0.488866 0.222992 0.490266 0.223328 0.491555 0.223874 0.492686 0.224608 0.493614 0.225503 0.494303 0.226524 0.494728 0.227632
0 0.620143 0.260180 0.619844 0.263394 0.618960 0.266485 0.617524 0.269333 0.615591 0.271830 0.613235 0.273879 0.610548 0.275401 0.607633 0.276339 0.604601 0.276655 0.601568 0.276339 0.598653 0.275401 0.595966 0.273879 0.593610 0.271830 0.591678 0.269333 0.590241 0.266485 0.589357 0.263394 0.589058 0.260180 0.589357 0.256966 0.590241 0.253876 0.591678 0.251027 0.593610 0.248531 0.595966 0.246482 0.598653 0.244959 0.601568 0.244022 0.604601 0.243705 0.607633 0.244022 0.610548 0.244959 0.613235 0.246482 0.615591 0.248531 0.617524 0.251027 0.618960 0.253876 0.619844 0.256966
0 0.708735 0.255518 0.699099 0.263600 0.691638 0.273547 0.695368 0.281629 0.702829 0.282251 0.708735 0.279453 0.709357 0.271993 0.711843 0.267330 0.714641 0.265154 0.716817 0.263600 0.717749 0.257694 0.715574 0.254896 0.710911 0.253963 0.708735 0.255518
0 0.540877 0.563258 0.542431 0.571340 0.546783 0.577868 0.550513 0.581598 0.554243 0.584085 0.556419 0.586260 0.562325 0.586260 0.566055 0.578800 0.566988 0.577246 0.571340 0.575692 0.575070 0.575692 0.577246 0.575070 0.578800 0.572894 0.579422 0.570718 0.579422 0.566055 0.577868 0.563258 0.576624 0.560771 0.572894 0.560149 0.569164 0.558595 0.568231 0.557352 0.566988 0.552689 0.566988 0.552067 0.560149 0.547404 0.557352 0.547404 0.554865 0.547404 0.553621 0.549891 0.551135 0.551135 0.548959 0.552067 0.548337 0.552067 0.543053 0.553621 0.540255 0.559528 0.540877 0.563258 0.540877 0.564501
0 0.591234 0.538701 0.588436 0.540877 0.586260 0.540877 0.583152 0.540255 0.577246 0.539322 0.576624 0.539322 0.572894 0.539322 0.573516 0.544607 0.577246 0.547404 0.580354 0.550513 0.584085 0.551135 0.586260 0.551135 0.588436 0.551135 0.592167 0.551135 0.594343 0.546783 0.594343 0.545228 0.594964 0.541498 0.594343 0.540877 0.593721 0.539322 0.590612 0.539322
0 0.608331 0.530308 0.605533 0.532795 0.604601 0.534970 0.606155 0.537768 0.609885 0.540255 0.613615 0.537768 0.613615 0.531862 0.613615 0.531240 0.612061 0.529686 0.609263 0.530308 0.608331 0.531862
0 0.279453 0.634442 0.276966 0.637551 0.271060 0.640348 0.268262 0.641281 0.266086 0.643457 0.265154 0.646254 0.263600 0.649984 0.263600 0.651539 0.263600 0.653715 0.267330 0.655891 0.269817 0.660553 0.276966 0.661175 0.279453 0.661175 0.285981 0.661175 0.289711 0.660553 0.299347 0.652160 0.300280 0.648741 0.300280 0.645633 0.298726 0.642524 0.297171 0.641281 0.295617 0.640348 0.294995 0.639726 0.292819 0.638794 0.291887 0.638794 0.291265 0.638794 0.290643 0.638794 0.290643 0.638172 0.290643 0.637551 0.290643 0.636618 0.291265 0.635996 0.291265 0.634442 0.290643 0.634442 0.289089 0.634442 0.287535 0.634442 0.286913 0.634442 0.285359 0.633820 0.280696 0.632266 0.277899 0.633820 0.279453 0.635996
0 0.459745 0.559528 0.456015 0.563879 0.450109 0.575070 0.440472 0.594343 0.459123 0.604601 0.468138 0.607087 0.469692 0.607087 0.470936 0.604601 0.477774 0.598073 0.483059 0.586260 0.484302 0.571961 0.483059 0.569164 0.475598 0.563879 0.470936 0.562325 0.466584 0.559528 0.459123 0.560149 0.459745 0.561703
0 0.140504 0.437675 0.146410 0.437675 0.148586 0.438297 0.152316 0.438297 0.154492 0.435499 0.156046 0.433945 0.156668 0.431769 0.156668 0.430836 0.157600 0.429282 0.158222 0.429282 0.159776 0.428039 0.160398 0.424308 0.160398 0.422754 0.158844 0.420578 0.152316 0.420578 0.149207 0.420578 0.146410 0.419646 0.144234 0.419646 0.141747 0.419646 0.139571 0.422132 0.135219 0.426484 0.133043 0.428039 0.131489 0.428660 0.131489 0.432390 0.132111 0.433945 0.133043 0.436121 0.134597 0.436121 0.135219 0.436742 0.141125 0.437675
0 0.213864 0.268884 0.215418 0.271060 0.217594 0.271993 0.219148 0.273547 0.221324 0.273547 0.225987 0.272614 0.231893 0.265154 0.231893 0.263600 0.231893 0.261424 0.230961 0.259248 0.229717 0.253342 0.225987 0.251787 0.223500 0.249611 0.217594 0.251166 0.212620 0.254896 0.207958 0.257694 0.204228 0.260802 0.204228 0.261424 0.202052 0.265154 0.201430 0.267330 0.200497 0.267330 0.202052 0.270438 0.204228 0.272614 0.205782 0.273547 0.207958 0.273547 0.209512 0.272614 0.210134 0.272614 0.211066 0.271060 0.213864 0.268884 0.215418 0.270438
0 0.262356 0.274168 0.257694 0.277899 0.258626 0.281629 0.262356 0.285981 0.262978 0.286913 0.267330 0.286913 0.269817 0.283805 0.269817 0.281629 0.268884 0.279453 0.267330 0.276344 0.266086 0.274790 0.265154 0.274790 0.262356 0.274790 0.260802 0.274790
0 
0 
0 
0 
0 
0 
0 
0 
0 
0 
0 
0 0.832763 0.352191 0.838670 0.363382 0.845508 0.364936 0.852036 0.366180 0.853590 0.358719 0.851414 0.354989 0.847062 0.349083 0.843332 0.345353 0.834318 0.344109 0.831209 0.346907
0 0.852969 0.539322 0.860429 0.545228 0.864781 0.546161 0.871620 0.547404 0.872863 0.544607 0.873795 0.540877 0.862605 0.529064 0.860429 0.527510 0.857320 0.525956 0.851414 0.525956 0.847062 0.529686
0 0.784582 0.710911 0.790488 0.719304 0.797327 0.723656 0.802300 0.718371 0.800746 0.709357 0.796394 0.705005 0.792664 0.699720 0.787380 0.695990 0.780230 0.693814 0.774013 0.693814
0 0.552067 0.125583 0.554243 0.132111 0.559528 0.131489 0.563258 0.128380 0.563879 0.125583 0.560149 0.122474 0.554865 0.121231 0.551135 0.121853
0 0.728629 0.213864 0.733914 0.214486 0.737644 0.213864 0.739820 0.210755 0.741374 0.207025 0.740441 0.202673 0.736711 0.201119 0.731738 0.199565 0.728629 0.199565 0.725521 0.199565 0.718993 0.200497 0.717439 0.201741 0.718993 0.205471
0 0.652782 0.821573 0.652597 0.823453 0.652049 0.825261 0.651158 0.826927 0.649960 0.828387 0.648499 0.829585 0.646833 0.830476 0.645026 0.831024 0.643146 0.831209 0.641266 0.831024 0.639458 0.830476 0.637792 0.829585 0.636332 0.828387 0.635133 0.826927 0.634243 0.825261 0.633695 0.823453 0.633509 0.821573 0.633695 0.819693 0.634243 0.817885 0.635133 0.816219 0.636332 0.814759 0.637792 0.813561 0.639458 0.812670 0.641266 0.812122 0.643146 0.811937 0.645026 0.812122 0.646833 0.812670 0.648499 0.813561 0.649960 0.814759 0.651158 0.816219 0.652049 0.817885 0.652597 0.819693
0 0.160398 0.624184 0.167237 0.618900 0.168791 0.611439 0.168791 0.605533 0.164128 0.604601 0.160398 0.604601 0.155424 0.604601 0.154492 0.609263 0.151694 0.612993 0.148586 0.618278 0.146410 0.624184 0.147031 0.626982 0.152316 0.630712 0.156046 0.630712
0 0.454772 0.832142 0.451041 0.835872 0.450109 0.841778 0.456015 0.841778 0.461299 0.841156 0.461299 0.837426 0.461299 0.832142
0 0.286913 0.763755 0.286913 0.769039 0.289711 0.773391 0.294063 0.770283 0.297171 0.767485 0.297171 0.763755 0.294063 0.759403 0.289089 0.758471 0.285359 0.761579
0 0.268262 0.752565 0.269817 0.756916 0.273547 0.760025 0.277899 0.760647 0.280696 0.759403 0.282251 0.756916 0.283183 0.753497 0.283805 0.749767 0.273547 0.748834
0 0.560149 0.182779 0.557352 0.202052 0.560771 0.206403 0.562325 0.207958 0.571961 0.193970 0.572894 0.183401 0.570718 0.179049 0.562325 0.177495
0 
0 
0 
0 
0 0.416653 0.504871 0.415623 0.502346 0.414891 0.499797 0.414486 0.497321 0.414421 0.495013 0.414701 0.492963 0.415315 0.491250 0.416238 0.489938 0.417435 0.489078 0.418861 0.488704 0.420460 0.488830 0.422172 0.489450 0.423929 0.490542 0.425665 0.492063 0.427314 0.493955 0.428811 0.496144 0.430099 0.498548 0.431128 0.501073 0.431860 0.503623 0.432266 0.506099 0.432330 0.508406 0.432050 0.510456 0.431437 0.512170 0.430514 0.513482 0.429316 0.514341 0.427890 0.514715 0.426291 0.514590 0.424580 0.513969 0.422822 0.512877 0.421086 0.511356 0.419438 0.509465 0.417941 0.507275
0 0.233447 0.312714 0.233316 0.313866 0.232927 0.314974 0.232295 0.315995 0.231444 0.316890 0.230408 0.317624 0.229226 0.318170 0.227943 0.318506 0.226609 0.318620 0.225274 0.318506 0.223992 0.318170 0.222809 0.317624 0.221773 0.316890 0.220922 0.315995 0.220291 0.314974 0.219901 0.313866 0.219770 0.312714 0.219901 0.311561 0.220291 0.310454 0.220922 0.309432 0.221773 0.308537 0.222809 0.307803 0.223992 0.307257 0.225274 0.306921 0.226609 0.306808 0.227943 0.306921 0.229226 0.307257 0.230408 0.307803 0.231444 0.308537 0.232295 0.309432 0.232927 0.310454 0.233316 0.311561
0 0.161330 0.407212 0.161145 0.407939 0.160597 0.408639 0.159706 0.409284 0.158508 0.409849 0.157048 0.410313 0.155382 0.410658 0.153574 0.410870 0.151694 0.410942 0.149814 0.410870 0.148006 0.410658 0.146340 0.410313 0.144880 0.409849 0.143682 0.409284 0.142791 0.408639 0.142243 0.407939 0.142058 0.407212 0.142243 0.406484 0.142791 0.405784 0.143682 0.405139 0.144880 0.404574 0.146340 0.404110 0.148006 0.403765 0.149814 0.403553 0.151694 0.403482 0.153574 0.403553 0.155382 0.403765 0.157048 0.404110 0.158508 0.404574 0.159706 0.405139 0.160597 0.405784 0.161145 0.406484
0 0.190239 0.422754 0.190138 0.423785 0.189837 0.424776 0.189349 0.425690 0.188692 0.426491 0.187891 0.427148 0.186977 0.427636 0.185986 0.427937 0.184955 0.428039 0.183924 0.427937 0.182933 0.427636 0.182019 0.427148 0.181218 0.426491 0.180561 0.425690 0.180073 0.424776 0.179772 0.423785 0.179671 0.422754 0.179772 0.421723 0.180073 0.420732 0.180561 0.419818 0.181218 0.419017 0.182019 0.418360 0.182933 0.417872 0.183924 0.417571 0.184955 0.417470 0.185986 0.417571 0.186977 0.417872 0.187891 0.418360 0.188692 0.419017 0.189349 0.419818 0.189837 0.420732 0.190138 0.421723
