0 0.177495 0.322661 0.177405 0.323692 0.177140 0.324683 0.176709 0.325597 0.176129 0.326398 0.175422 0.327055 0.174616 0.327543 0.173741 0.327844 0.172832 0.327945 0.171922 0.327844 0.171047 0.327543 0.170241 0.327055 0.169535 0.326398 0.168955 0.325597 0.168524 0.324683 0.168259 0.323692 0.168169 0.322661 0.168259 0.321630 0.168524 0.320639 0.168955 0.319725 0.169535 0.318924 0.170241 0.318267 0.171047 0.317779 0.171922 0.317478 0.172832 0.317376 0.173741 0.317478 0.174616 0.317779 0.175422 0.318267 0.176129 0.318924 0.176709 0.319725 0.177140 0.320639 0.177405 0.321630
0 0.178738 0.312092 0.178660 0.313244 0.178430 0.314352 0.178057 0.315373 0.177554 0.316268 0.176942 0.317003 0.176243 0.317549 0.175485 0.317885 0.174697 0.317998 0.173909 0.317885 0.173150 0.317549 0.172452 0.317003 0.171839 0.316268 0.171337 0.315373 0.170963 0.314352 0.170734 0.313244 0.170656 0.312092 0.170734 0.310940 0.170963 0.309832 0.171337 0.308811 0.171839 0.307916 0.172452 0.307181 0.173150 0.306635 0.173909 0.306299 0.174697 0.306186 0.175485 0.306299 0.176243 0.306635 0.176942 0.307181 0.177554 0.307916 0.178057 0.308811 0.178430 0.309832 0.178660 0.310940
0 0.231582 0.314890 0.231493 0.315678 0.231227 0.316436 0.230796 0.317135 0.230217 0.317747 0.229510 0.318250 0.228704 0.318623 0.227829 0.318853 0.226919 0.318931 0.226010 0.318853 0.225135 0.318623 0.224329 0.318250 0.223622 0.317747 0.223043 0.317135 0.222612 0.316436 0.222346 0.315678 0.222257 0.314890 0.222346 0.314101 0.222612 0.313343 0.223043 0.312645 0.223622 0.312032 0.224329 0.311530 0.225135 0.311156 0.226010 0.310926 0.226919 0.310849 0.227829 0.310926 0.228704 0.311156 0.229510 0.311530 0.230217 0.312032 0.230796 0.312645 0.231227 0.313343 0.231493 0.314101
0 0.235002 0.320796 0.234924 0.321463 0.234694 0.322104 0.234321 0.322695 0.233818 0.323214 0.233206 0.323639 0.232507 0.323955 0.231749 0.324149 0.230961 0.324215 0.230172 0.324149 0.229414 0.323955 0.228715 0.323639 0.228103 0.323214 0.227601 0.322695 0.227227 0.322104 0.226997 0.321463 0.226919 0.320796 0.226997 0.320129 0.227227 0.319487 0.227601 0.318896 0.228103 0.318378 0.228715 0.317953 0.229414 0.317637 0.230172 0.317442 0.230961 0.317376 0.231749 0.317442 0.232507 0.317637 0.233206 0.317953 0.233818 0.318378 0.234321 0.318896 0.234694 0.319487 0.234924 0.320129
0 0.204228 0.359652 0.204066 0.360986 0.203589 0.362269 0.202813 0.363451 0.201769 0.364488 0.200497 0.365338 0.199046 0.365970 0.197472 0.366359 0.195835 0.366491 0.194197 0.366359 0.192623 0.365970 0.191172 0.365338 0.189900 0.364488 0.188856 0.363451 0.188081 0.362269 0.187603 0.360986 0.187442 0.359652 0.187603 0.358318 0.188081 0.357035 0.188856 0.355852 0.189900 0.354816 0.191172 0.353966 0.192623 0.353334 0.194197 0.352945 0.195835 0.352813 0.197472 0.352945 0.199046 0.353334 0.200497 0.353966 0.201769 0.354816 0.202813 0.355852 0.203589 0.357035 0.204066 0.358318
0 0.188374 0.356543 0.188303 0.357089 0.188090 0.357614 0.187746 0.358098 0.187282 0.358522 0.186716 0.358870 0.186072 0.359128 0.185372 0.359287 0.184644 0.359341 0.183916 0.359287 0.183217 0.359128 0.182572 0.358870 0.182006 0.358522 0.181543 0.358098 0.181198 0.357614 0.180986 0.357089 0.180914 0.356543 0.180986 0.355998 0.181198 0.355473 0.181543 0.354989 0.182006 0.354565 0.182572 0.354217 0.183217 0.353959 0.183916 0.353799 0.184644 0.353746 0.185372 0.353799 0.186072 0.353959 0.186716 0.354217 0.187282 0.354565 0.187746 0.354989 0.188090 0.355473 0.188303 0.355998
0 0.311470 0.324215 0.311393 0.324822 0.311163 0.325405 0.310789 0.325942 0.310287 0.326413 0.309674 0.326800 0.308976 0.327087 0.308218 0.327264 0.307429 0.327324 0.306641 0.327264 0.305883 0.327087 0.305184 0.326800 0.304572 0.326413 0.304069 0.325942 0.303696 0.325405 0.303466 0.324822 0.303388 0.324215 0.303466 0.323609 0.303696 0.323026 0.304069 0.322488 0.304572 0.322017 0.305184 0.321630 0.305883 0.321343 0.306641 0.321166 0.307429 0.321107 0.308218 0.321166 0.308976 0.321343 0.309674 0.321630 0.310287 0.322017 0.310789 0.322488 0.311163 0.323026 0.311393 0.323609
0 0.313025 0.327945 0.312953 0.328430 0.312741 0.328897 0.312396 0.329327 0.311932 0.329704 0.311367 0.330013 0.310722 0.330243 0.310022 0.330384 0.309294 0.330432 0.308567 0.330384 0.307867 0.330243 0.307222 0.330013 0.306657 0.329704 0.306193 0.329327 0.305848 0.328897 0.305636 0.328430 0.305564 0.327945 0.305636 0.327460 0.305848 0.326994 0.306193 0.326564 0.306657 0.326187 0.307222 0.325878 0.307867 0.325648 0.308567 0.325506 0.309294 0.325459 0.310022 0.325506 0.310722 0.325648 0.311367 0.325878 0.311932 0.326187 0.312396 0.326564 0.312741 0.326994 0.312953 0.327460
0 0.312714 0.331986 0.312636 0.332593 0.312406 0.333176 0.312033 0.333713 0.311530 0.334184 0.310918 0.334571 0.310219 0.334858 0.309461 0.335035 0.308673 0.335095 0.307884 0.335035 0.307126 0.334858 0.306428 0.334571 0.305815 0.334184 0.305313 0.333713 0.304939 0.333176 0.304709 0.332593 0.304632 0.331986 0.304709 0.331380 0.304939 0.330797 0.305313 0.330259 0.305815 0.329788 0.306428 0.329402 0.307126 0.329114 0.307884 0.328938 0.308673 0.328878 0.309461 0.328938 0.310219 0.329114 0.310918 0.329402 0.311530 0.329788 0.312033 0.330259 0.312406 0.330797 0.312636 0.331380
0 0.340379 0.322039 0.340314 0.322767 0.340119 0.323467 0.339803 0.324112 0.339378 0.324677 0.338860 0.325141 0.338268 0.325485 0.337627 0.325698 0.336960 0.325769 0.336293 0.325698 0.335651 0.325485 0.335060 0.325141 0.334542 0.324677 0.334117 0.324112 0.333801 0.323467 0.333606 0.322767 0.333541 0.322039 0.333606 0.321311 0.333801 0.320612 0.334117 0.319967 0.334542 0.319402 0.335060 0.318938 0.335651 0.318593 0.336293 0.318381 0.336960 0.318309 0.337627 0.318381 0.338268 0.318593 0.338860 0.318938 0.339378 0.319402 0.339803 0.319967 0.340119 0.320612 0.340314 0.321311
0 0.327945 0.309605 0.327671 0.312152 0.326857 0.314601 0.325535 0.316859 0.323757 0.318837 0.321590 0.320461 0.319118 0.321667 0.316436 0.322410 0.313646 0.322661 0.310857 0.322410 0.308174 0.321667 0.305702 0.320461 0.303535 0.318837 0.301757 0.316859 0.300436 0.314601 0.299622 0.312152 0.299347 0.309605 0.299622 0.307058 0.300436 0.304609 0.301757 0.302352 0.303535 0.300373 0.305702 0.298750 0.308174 0.297543 0.310857 0.296800 0.313646 0.296550 0.316436 0.296800 0.319118 0.297543 0.321590 0.298750 0.323757 0.300373 0.325535 0.302352 0.326857 0.304609 0.327671 0.307058
0 0.333851 0.326702 0.333654 0.328521 0.333071 0.330271 0.332123 0.331883 0.330847 0.333296 0.329292 0.334456 0.327519 0.335317 0.325595 0.335848 0.323593 0.336027 0.321592 0.335848 0.319668 0.335317 0.317894 0.334456 0.316340 0.333296 0.315064 0.331883 0.314116 0.330271 0.313533 0.328521 0.313335 0.326702 0.313533 0.324883 0.314116 0.323133 0.315064 0.321521 0.316340 0.320108 0.317894 0.318948 0.319668 0.318086 0.321592 0.317556 0.323593 0.317376 0.325595 0.317556 0.327519 0.318086 0.329292 0.318948 0.330847 0.320108 0.332123 0.321521 0.333071 0.323133 0.333654 0.324883
0 0.346907 0.307118 0.346847 0.307725 0.346670 0.308308 0.346383 0.308845 0.345997 0.309316 0.345526 0.309703 0.344988 0.309990 0.344405 0.310167 0.343799 0.310227 0.343192 0.310167 0.342609 0.309990 0.342072 0.309703 0.341601 0.309316 0.341214 0.308845 0.340927 0.308308 0.340750 0.307725 0.340690 0.307118 0.340750 0.306512 0.340927 0.305929 0.341214 0.305391 0.341601 0.304920 0.342072 0.304534 0.342609 0.304247 0.343192 0.304070 0.343799 0.304010 0.344405 0.304070 0.344988 0.304247 0.345526 0.304534 0.345997 0.304920 0.346383 0.305391 0.346670 0.305929 0.346847 0.306512
0 0.342866 0.310849 0.342788 0.311394 0.342558 0.311919 0.342185 0.312403 0.341682 0.312827 0.341070 0.313175 0.340371 0.313433 0.339613 0.313592 0.338825 0.313646 0.338037 0.313592 0.337279 0.313433 0.336580 0.313175 0.335968 0.312827 0.335465 0.312403 0.335092 0.311919 0.334862 0.311394 0.334784 0.310849 0.334862 0.310303 0.335092 0.309778 0.335465 0.309294 0.335968 0.308870 0.336580 0.308522 0.337279 0.308264 0.338037 0.308105 0.338825 0.308051 0.339613 0.308105 0.340371 0.308264 0.341070 0.308522 0.341682 0.308870 0.342185 0.309294 0.342558 0.309778 0.342788 0.310303
0 0.337271 0.290954 0.337199 0.291803 0.336987 0.292620 0.336642 0.293372 0.336178 0.294032 0.335613 0.294573 0.334968 0.294975 0.334268 0.295223 0.333541 0.295306 0.332813 0.295223 0.332113 0.294975 0.331468 0.294573 0.330903 0.294032 0.330439 0.293372 0.330094 0.292620 0.329882 0.291803 0.329810 0.290954 0.329882 0.290105 0.330094 0.289289 0.330439 0.288537 0.330903 0.287877 0.331468 0.287336 0.332113 0.286934 0.332813 0.286686 0.333541 0.286602 0.334268 0.286686 0.334968 0.286934 0.335613 0.287336 0.336178 0.287877 0.336642 0.288537 0.336987 0.289289 0.337199 0.290105
0 0.343177 0.290333 0.343117 0.290878 0.342940 0.291403 0.342653 0.291887 0.342266 0.292311 0.341795 0.292659 0.341258 0.292917 0.340675 0.293076 0.340068 0.293130 0.339462 0.293076 0.338879 0.292917 0.338341 0.292659 0.337870 0.292311 0.337484 0.291887 0.337197 0.291403 0.337020 0.290878 0.336960 0.290333 0.337020 0.289787 0.337197 0.289262 0.337484 0.288778 0.337870 0.288354 0.338341 0.288006 0.338879 0.287748 0.339462 0.287589 0.340068 0.287535 0.340675 0.287589 0.341258 0.287748 0.341795 0.288006 0.342266 0.288354 0.342653 0.288778 0.342940 0.289262 0.343117 0.289787
0 0.335406 0.308362 0.335310 0.309150 0.335027 0.309908 0.334567 0.310607 0.333949 0.311219 0.333195 0.311722 0.332335 0.312095 0.331402 0.312325 0.330432 0.312403 0.329462 0.312325 0.328529 0.312095 0.327669 0.311722 0.326915 0.311219 0.326297 0.310607 0.325837 0.309908 0.325554 0.309150 0.325459 0.308362 0.325554 0.307573 0.325837 0.306815 0.326297 0.306117 0.326915 0.305504 0.327669 0.305002 0.328529 0.304628 0.329462 0.304398 0.330432 0.304321 0.331402 0.304398 0.332335 0.304628 0.333195 0.305002 0.333949 0.305504 0.334567 0.306117 0.335027 0.306815 0.335310 0.307573
0 0.325459 0.174386 0.325345 0.175114 0.325009 0.175814 0.324463 0.176458 0.323729 0.177024 0.322834 0.177488 0.321813 0.177832 0.320705 0.178045 0.319552 0.178116 0.318400 0.178045 0.317292 0.177832 0.316271 0.177488 0.315376 0.177024 0.314642 0.176458 0.314096 0.175814 0.313760 0.175114 0.313646 0.174386 0.313760 0.173658 0.314096 0.172959 0.314642 0.172314 0.315376 0.171748 0.316271 0.171285 0.317292 0.170940 0.318400 0.170728 0.319552 0.170656 0.320705 0.170728 0.321813 0.170940 0.322834 0.171285 0.323729 0.171748 0.324463 0.172314 0.325009 0.172959 0.325345 0.173658
0 0.317687 0.175940 0.317592 0.176607 0.317309 0.177249 0.316849 0.177840 0.316231 0.178358 0.315477 0.178783 0.314617 0.179099 0.313684 0.179294 0.312714 0.179360 0.311743 0.179294 0.310810 0.179099 0.309951 0.178783 0.309197 0.178358 0.308578 0.177840 0.308119 0.177249 0.307836 0.176607 0.307740 0.175940 0.307836 0.175273 0.308119 0.174632 0.308578 0.174041 0.309197 0.173522 0.309951 0.173097 0.310810 0.172781 0.311743 0.172587 0.312714 0.172521 0.313684 0.172587 0.314617 0.172781 0.315477 0.173097 0.316231 0.173522 0.316849 0.174041 0.317309 0.174632 0.317592 0.175273
0 0.308984 0.181846 0.308912 0.182453 0.308700 0.183036 0.308355 0.183573 0.307891 0.184044 0.307326 0.184431 0.306681 0.184718 0.305981 0.184895 0.305253 0.184955 0.304526 0.184895 0.303826 0.184718 0.303181 0.184431 0.302616 0.184044 0.302152 0.183573 0.301807 0.183036 0.301595 0.182453 0.301523 0.181846 0.301595 0.181240 0.301807 0.180657 0.302152 0.180119 0.302616 0.179648 0.303181 0.179262 0.303826 0.178975 0.304526 0.178798 0.305253 0.178738 0.305981 0.178798 0.306681 0.178975 0.307326 0.179262 0.307891 0.179648 0.308355 0.180119 0.308700 0.180657 0.308912 0.181240
0 0.308984 0.186509 0.308912 0.187116 0.308700 0.187699 0.308355 0.188236 0.307891 0.188707 0.307326 0.189094 0.306681 0.189381 0.305981 0.189558 0.305253 0.189618 0.304526 0.189558 0.303826 0.189381 0.303181 0.189094 0.302616 0.188707 0.302152 0.188236 0.301807 0.187699 0.301595 0.187116 0.301523 0.186509 0.301595 0.185903 0.301807 0.185320 0.302152 0.184782 0.302616 0.184311 0.303181 0.183925 0.303826 0.183637 0.304526 0.183460 0.305253 0.183401 0.305981 0.183460 0.306681 0.183637 0.307326 0.183925 0.307891 0.184311 0.308355 0.184782 0.308700 0.185320 0.308912 0.185903
0 0.359963 0.207958 0.359873 0.208625 0.359608 0.209266 0.359177 0.209857 0.358597 0.210376 0.357890 0.210801 0.357084 0.211117 0.356210 0.211311 0.355300 0.211377 0.354390 0.211311 0.353516 0.211117 0.352709 0.210801 0.352003 0.210376 0.351423 0.209857 0.350992 0.209266 0.350727 0.208625 0.350637 0.207958 0.350727 0.207291 0.350992 0.206649 0.351423 0.206058 0.352003 0.205540 0.352709 0.205115 0.353516 0.204799 0.354390 0.204604 0.355300 0.204538 0.356210 0.204604 0.357084 0.204799 0.357890 0.205115 0.358597 0.205540 0.359177 0.206058 0.359608 0.206649 0.359873 0.207291
0 0.473733 0.164128 0.473644 0.164856 0.473378 0.165556 0.472947 0.166200 0.472368 0.166766 0.471661 0.167230 0.470855 0.167574 0.469980 0.167787 0.469071 0.167858 0.468161 0.167787 0.467286 0.167574 0.466480 0.167230 0.465774 0.166766 0.465194 0.166200 0.464763 0.165556 0.464497 0.164856 0.464408 0.164128 0.464497 0.163400 0.464763 0.162701 0.465194 0.162056 0.465774 0.161490 0.466480 0.161027 0.467286 0.160682 0.468161 0.160470 0.469071 0.160398 0.469980 0.160470 0.470855 0.160682 0.471661 0.161027 0.472368 0.161490 0.472947 0.162056 0.473378 0.162701 0.473644 0.163400
0 0.479329 0.122474 0.479227 0.123141 0.478926 0.123783 0.478438 0.124374 0.477781 0.124892 0.476980 0.125317 0.476066 0.125633 0.475075 0.125828 0.474044 0.125894 0.473013 0.125828 0.472022 0.125633 0.471108 0.125317 0.470307 0.124892 0.469650 0.124374 0.469162 0.123783 0.468861 0.123141 0.468760 0.122474 0.468861 0.121807 0.469162 0.121166 0.469650 0.120575 0.470307 0.120057 0.471108 0.119631 0.472022 0.119315 0.473013 0.119121 0.474044 0.119055 0.475075 0.119121 0.476066 0.119315 0.476980 0.119631 0.477781 0.120057 0.478438 0.120575 0.478926 0.121166 0.479227 0.121807
0 0.473733 0.129624 0.473650 0.130594 0.473402 0.131527 0.473000 0.132387 0.472459 0.133141 0.471799 0.133759 0.471047 0.134219 0.470230 0.134502 0.469381 0.134597 0.468532 0.134502 0.467716 0.134219 0.466964 0.133759 0.466304 0.133141 0.465763 0.132387 0.465361 0.131527 0.465113 0.130594 0.465030 0.129624 0.465113 0.128654 0.465361 0.127721 0.465763 0.126861 0.466304 0.126107 0.466964 0.125488 0.467716 0.125029 0.468532 0.124746 0.469381 0.124650 0.470230 0.124746 0.471047 0.125029 0.471799 0.125488 0.472459 0.126107 0.473000 0.126861 0.473402 0.127721 0.473650 0.128654
0 0.575070 0.415605 0.574962 0.416454 0.574644 0.417270 0.574127 0.418022 0.573431 0.418682 0.572583 0.419223 0.571616 0.419625 0.570566 0.419873 0.569475 0.419956 0.568383 0.419873 0.567333 0.419625 0.566366 0.419223 0.565518 0.418682 0.564822 0.418022 0.564305 0.417270 0.563987 0.416454 0.563879 0.415605 0.563987 0.414756 0.564305 0.413939 0.564822 0.413187 0.565518 0.412527 0.566366 0.411986 0.567333 0.411584 0.568383 0.411336 0.569475 0.411253 0.570566 0.411336 0.571616 0.411584 0.572583 0.411986 0.573431 0.412527 0.574127 0.413187 0.574644 0.413939 0.574962 0.414756
0 0.601803 0.474977 0.601642 0.476068 0.601164 0.477118 0.600388 0.478085 0.599345 0.478933 0.598073 0.479629 0.596622 0.480146 0.595047 0.480464 0.593410 0.480572 0.591773 0.480464 0.590198 0.480146 0.588747 0.479629 0.587475 0.478933 0.586432 0.478085 0.585656 0.477118 0.585178 0.476068 0.585017 0.474977 0.585178 0.473885 0.585656 0.472835 0.586432 0.471868 0.587475 0.471020 0.588747 0.470324 0.590198 0.469807 0.591773 0.469489 0.593410 0.469381 0.595047 0.469489 0.596622 0.469807 0.598073 0.470324 0.599345 0.471020 0.600388 0.471868 0.601164 0.472835 0.601642 0.473885
0 0.575337 0.480264 0.575487 0.478681 0.575931 0.477158 0.576652 0.475755 0.577624 0.474525 0.578808 0.473515 0.580158 0.472765 0.581624 0.472302 0.583149 0.472146 0.584673 0.472301 0.586140 0.472762 0.587491 0.473512 0.588676 0.474520 0.589648 0.475750 0.590371 0.477153 0.590816 0.478675 0.590967 0.480258 0.590817 0.481841 0.590373 0.483364 0.589652 0.484767 0.588680 0.485997 0.587496 0.487007 0.586146 0.487757 0.584680 0.488220 0.583155 0.488376 0.581631 0.488221 0.580164 0.487760 0.578813 0.487011 0.577628 0.486002 0.576656 0.484772 0.575933 0.483370 0.575488 0.481847
0 0.574425 0.470683 0.574421 0.469961 0.574646 0.469228 0.575090 0.468513 0.575736 0.467843 0.576559 0.467244 0.577528 0.466740 0.578606 0.466348 0.579752 0.466086 0.580920 0.465962 0.582067 0.465981 0.583147 0.466143 0.584121 0.466441 0.584950 0.466865 0.585602 0.467397 0.586052 0.468017 0.586284 0.468701 0.586287 0.469424 0.586063 0.470157 0.585619 0.470872 0.584973 0.471542 0.584150 0.472140 0.583180 0.472645 0.582102 0.473036 0.580957 0.473299 0.579789 0.473423 0.578642 0.473403 0.577561 0.473241 0.576588 0.472943 0.575759 0.472520 0.575107 0.471988 0.574657 0.471368
0 0.592167 0.465340 0.592047 0.466189 0.591693 0.467006 0.591119 0.467758 0.590346 0.468418 0.589404 0.468959 0.588329 0.469361 0.587163 0.469609 0.585950 0.469692 0.584737 0.469609 0.583571 0.469361 0.582496 0.468959 0.581554 0.468418 0.580780 0.467758 0.580206 0.467006 0.579852 0.466189 0.579733 0.465340 0.579852 0.464491 0.580206 0.463675 0.580780 0.462923 0.581554 0.462263 0.582496 0.461722 0.583571 0.461320 0.584737 0.461072 0.585950 0.460988 0.587163 0.461072 0.588329 0.461320 0.589404 0.461722 0.590346 0.462263 0.591119 0.462923 0.591693 0.463675 0.592047 0.464491
0 0.597140 0.462854 0.597069 0.463521 0.596856 0.464162 0.596512 0.464753 0.596048 0.465271 0.595482 0.465697 0.594837 0.466013 0.594138 0.466207 0.593410 0.466273 0.592682 0.466207 0.591983 0.466013 0.591338 0.465697 0.590772 0.465271 0.590308 0.464753 0.589964 0.464162 0.589752 0.463521 0.589680 0.462854 0.589752 0.462187 0.589964 0.461545 0.590308 0.460954 0.590772 0.460436 0.591338 0.460011 0.591983 0.459695 0.592682 0.459500 0.593410 0.459434 0.594138 0.459500 0.594837 0.459695 0.595482 0.460011 0.596048 0.460436 0.596512 0.460954 0.596856 0.461545 0.597069 0.462187
0 0.596829 0.456015 0.596764 0.456500 0.596569 0.456967 0.596253 0.457397 0.595828 0.457773 0.595310 0.458083 0.594719 0.458312 0.594077 0.458454 0.593410 0.458502 0.592743 0.458454 0.592101 0.458312 0.591510 0.458083 0.590992 0.457773 0.590567 0.457397 0.590251 0.456967 0.590056 0.456500 0.589991 0.456015 0.590056 0.455530 0.590251 0.455063 0.590567 0.454633 0.590992 0.454256 0.591510 0.453947 0.592101 0.453717 0.592743 0.453576 0.593410 0.453528 0.594077 0.453576 0.594719 0.453717 0.595310 0.453947 0.595828 0.454256 0.596253 0.454633 0.596569 0.455063 0.596764 0.455530
0 0.578489 0.480883 0.578406 0.481671 0.578158 0.482429 0.577756 0.483128 0.577215 0.483740 0.576555 0.484243 0.575803 0.484616 0.574986 0.484846 0.574137 0.484924 0.573288 0.484846 0.572472 0.484616 0.571720 0.484243 0.571060 0.483740 0.570519 0.483128 0.570117 0.482429 0.569869 0.481671 0.569786 0.480883 0.569869 0.480094 0.570117 0.479336 0.570519 0.478638 0.571060 0.478025 0.571720 0.477523 0.572472 0.477149 0.573288 0.476919 0.574137 0.476842 0.574986 0.476919 0.575803 0.477149 0.576555 0.477523 0.577215 0.478025 0.577756 0.478638 0.578158 0.479336 0.578406 0.480094
0 0.581598 0.477153 0.581502 0.478002 0.581219 0.478818 0.580760 0.479570 0.580141 0.480230 0.579387 0.480771 0.578527 0.481173 0.577594 0.481421 0.576624 0.481505 0.575654 0.481421 0.574721 0.481173 0.573861 0.480771 0.573107 0.480230 0.572489 0.479570 0.572029 0.478818 0.571746 0.478002 0.571651 0.477153 0.571746 0.476304 0.572029 0.475487 0.572489 0.474735 0.573107 0.474075 0.573861 0.473534 0.574721 0.473132 0.575654 0.472884 0.576624 0.472801 0.577594 0.472884 0.578527 0.473132 0.579387 0.473534 0.580141 0.474075 0.580760 0.474735 0.581219 0.475487 0.581502 0.476304
0 0.602114 0.481505 0.602006 0.482596 0.601688 0.483646 0.601171 0.484613 0.600475 0.485461 0.599627 0.486157 0.598660 0.486674 0.597610 0.486992 0.596518 0.487100 0.595427 0.486992 0.594377 0.486674 0.593410 0.486157 0.592562 0.485461 0.591866 0.484613 0.591349 0.483646 0.591031 0.482596 0.590923 0.481505 0.591031 0.480413 0.591349 0.479363 0.591866 0.478396 0.592562 0.477548 0.593410 0.476852 0.594377 0.476335 0.595427 0.476017 0.596518 0.475909 0.597610 0.476017 0.598660 0.476335 0.599627 0.476852 0.600475 0.477548 0.601171 0.478396 0.601688 0.479363 0.602006 0.480413
0 0.547099 0.576398 0.546405 0.571816 0.546347 0.567275 0.546927 0.562950 0.548122 0.559008 0.549888 0.555598 0.552155 0.552854 0.554837 0.550880 0.557830 0.549752 0.561020 0.549513 0.564285 0.550172 0.567497 0.551705 0.570535 0.554052 0.573282 0.557123 0.575631 0.560801 0.577492 0.564943 0.578795 0.569390 0.579489 0.573972 0.579547 0.578513 0.578967 0.582838 0.577771 0.586780 0.576006 0.590190 0.573739 0.592934 0.571057 0.594908 0.568063 0.596036 0.564873 0.596275 0.561609 0.595616 0.558396 0.594083 0.555358 0.591736 0.552612 0.588665 0.550263 0.584987 0.548401 0.580845
0 0.485499 0.586298 0.486183 0.588521 0.486091 0.591051 0.485225 0.593791 0.483619 0.596636 0.481334 0.599477 0.478459 0.602203 0.475103 0.604712 0.471396 0.606905 0.467480 0.608700 0.463506 0.610026 0.459626 0.610833 0.455990 0.611090 0.452737 0.610787 0.449992 0.609936 0.447861 0.608569 0.446426 0.606739 0.445741 0.604516 0.445833 0.601986 0.446699 0.599246 0.448305 0.596401 0.450590 0.593560 0.453465 0.590834 0.456821 0.588325 0.460528 0.586132 0.464444 0.584337 0.468418 0.583011 0.472298 0.582204 0.475934 0.581947 0.479187 0.582250 0.481932 0.583101 0.484063 0.584468
0 0.520050 0.607087 0.519930 0.607997 0.519576 0.608872 0.519002 0.609678 0.518229 0.610384 0.517287 0.610964 0.516212 0.611395 0.515046 0.611660 0.513833 0.611750 0.512620 0.611660 0.511454 0.611395 0.510379 0.610964 0.509437 0.610384 0.508664 0.609678 0.508089 0.608872 0.507735 0.607997 0.507616 0.607087 0.507735 0.606178 0.508089 0.605303 0.508664 0.604497 0.509437 0.603790 0.510379 0.603210 0.511454 0.602780 0.512620 0.602514 0.513833 0.602425 0.515046 0.602514 0.516212 0.602780 0.517287 0.603210 0.518229 0.603790 0.519002 0.604497 0.519576 0.605303 0.519930 0.606178
0 0.537457 0.600870 0.537380 0.601659 0.537150 0.602417 0.536776 0.603115 0.536274 0.603728 0.535661 0.604230 0.534963 0.604604 0.534205 0.604834 0.533416 0.604911 0.532628 0.604834 0.531870 0.604604 0.531171 0.604230 0.530559 0.603728 0.530056 0.603115 0.529683 0.602417 0.529453 0.601659 0.529375 0.600870 0.529453 0.600082 0.529683 0.599324 0.530056 0.598625 0.530559 0.598013 0.531171 0.597510 0.531870 0.597137 0.532628 0.596907 0.533416 0.596829 0.534205 0.596907 0.534963 0.597137 0.535661 0.597510 0.536274 0.598013 0.536776 0.598625 0.537150 0.599324 0.537380 0.600082
0 0.517252 0.612372 0.517168 0.613039 0.516921 0.613680 0.516519 0.614271 0.515977 0.614790 0.515318 0.615215 0.514566 0.615531 0.513749 0.615725 0.512900 0.615791 0.512051 0.615725 0.511235 0.615531 0.510482 0.615215 0.509823 0.614790 0.509282 0.614271 0.508880 0.613680 0.508632 0.613039 0.508548 0.612372 0.508632 0.611705 0.508880 0.611063 0.509282 0.610472 0.509823 0.609954 0.510482 0.609529 0.511235 0.609213 0.512051 0.609018 0.512900 0.608952 0.513749 0.609018 0.514566 0.609213 0.515318 0.609529 0.515977 0.609954 0.516519 0.610472 0.516921 0.611063 0.517168 0.611705
0 0.549270 0.257694 0.549066 0.258724 0.548465 0.259716 0.547488 0.260629 0.546174 0.261430 0.544572 0.262087 0.542745 0.262576 0.540763 0.262876 0.538701 0.262978 0.536639 0.262876 0.534656 0.262576 0.532829 0.262087 0.531227 0.261430 0.529913 0.260629 0.528936 0.259716 0.528335 0.258724 0.528132 0.257694 0.528335 0.256663 0.528936 0.255671 0.529913 0.254758 0.531227 0.253957 0.532829 0.253300 0.534656 0.252811 0.536639 0.252511 0.538701 0.252409 0.540763 0.252511 0.542745 0.252811 0.544572 0.253300 0.546174 0.253957 0.547488 0.254758 0.548465 0.255671 0.549066 0.256663
0 0.623873 0.357165 0.623730 0.359045 0.623305 0.360853 0.622616 0.362519 0.621688 0.363979 0.620558 0.365177 0.619268 0.366068 0.617868 0.366616 0.616413 0.366801 0.614957 0.366616 0.613558 0.366068 0.612268 0.365177 0.611138 0.363979 0.610210 0.362519 0.609520 0.360853 0.609096 0.359045 0.608952 0.357165 0.609096 0.355285 0.609520 0.353477 0.610210 0.351811 0.611138 0.350351 0.612268 0.349153 0.613558 0.348262 0.614957 0.347714 0.616413 0.347529 0.617868 0.347714 0.619268 0.348262 0.620558 0.349153 0.621688 0.350351 0.622616 0.351811 0.623305 0.353477 0.623730 0.355285
0 0.631644 0.346596 0.631555 0.347263 0.631289 0.347905 0.630859 0.348496 0.630279 0.349014 0.629572 0.349439 0.628766 0.349755 0.627891 0.349950 0.626982 0.350016 0.626072 0.349950 0.625197 0.349755 0.624391 0.349439 0.623685 0.349014 0.623105 0.348496 0.622674 0.347905 0.622409 0.347263 0.622319 0.346596 0.622409 0.345929 0.622674 0.345288 0.623105 0.344697 0.623685 0.344178 0.624391 0.343753 0.625197 0.343437 0.626072 0.343243 0.626982 0.343177 0.627891 0.343243 0.628766 0.343437 0.629572 0.343753 0.630279 0.344178 0.630859 0.344697 0.631289 0.345288 0.631555 0.345929
0 0.635064 0.341312 0.634992 0.342221 0.634780 0.343096 0.634435 0.343902 0.633971 0.344609 0.633406 0.345189 0.632761 0.345620 0.632061 0.345885 0.631334 0.345975 0.630606 0.345885 0.629906 0.345620 0.629261 0.345189 0.628696 0.344609 0.628232 0.343902 0.627887 0.343096 0.627675 0.342221 0.627603 0.341312 0.627675 0.340402 0.627887 0.339527 0.628232 0.338721 0.628696 0.338015 0.629261 0.337435 0.629906 0.337004 0.630606 0.336739 0.631334 0.336649 0.632061 0.336739 0.632761 0.337004 0.633406 0.337435 0.633971 0.338015 0.634435 0.338721 0.634780 0.339527 0.634992 0.340402
0 0.641902 0.336027 0.641825 0.336816 0.641595 0.337574 0.641221 0.338272 0.640719 0.338885 0.640106 0.339387 0.639408 0.339761 0.638650 0.339991 0.637861 0.340068 0.637073 0.339991 0.636315 0.339761 0.635616 0.339387 0.635004 0.338885 0.634501 0.338272 0.634128 0.337574 0.633898 0.336816 0.633820 0.336027 0.633898 0.335239 0.634128 0.334481 0.634501 0.333782 0.635004 0.333170 0.635616 0.332667 0.636315 0.332294 0.637073 0.332064 0.637861 0.331986 0.638650 0.332064 0.639408 0.332294 0.640106 0.332667 0.640719 0.333170 0.641221 0.333782 0.641595 0.334481 0.641825 0.335239
0 0.645633 0.330743 0.645567 0.331471 0.645372 0.332170 0.645056 0.332815 0.644631 0.333381 0.644113 0.333844 0.643522 0.334189 0.642880 0.334401 0.642213 0.334473 0.641546 0.334401 0.640905 0.334189 0.640314 0.333844 0.639795 0.333381 0.639370 0.332815 0.639054 0.332170 0.638860 0.331471 0.638794 0.330743 0.638860 0.330015 0.639054 0.329315 0.639370 0.328671 0.639795 0.328105 0.640314 0.327641 0.640905 0.327297 0.641546 0.327084 0.642213 0.327013 0.642880 0.327084 0.643522 0.327297 0.644113 0.327641 0.644631 0.328105 0.645056 0.328671 0.645372 0.329315 0.645567 0.330015
0 0.650917 0.327945 0.650821 0.328855 0.650538 0.329730 0.650079 0.330536 0.649460 0.331242 0.648707 0.331822 0.647847 0.332253 0.646914 0.332518 0.645943 0.332608 0.644973 0.332518 0.644040 0.332253 0.643180 0.331822 0.642427 0.331242 0.641808 0.330536 0.641348 0.329730 0.641065 0.328855 0.640970 0.327945 0.641065 0.327036 0.641348 0.326161 0.641808 0.325355 0.642427 0.324648 0.643180 0.324068 0.644040 0.323637 0.644973 0.323372 0.645943 0.323283 0.646914 0.323372 0.647847 0.323637 0.648707 0.324068 0.649460 0.324648 0.650079 0.325355 0.650538 0.326161 0.650821 0.327036
0 0.661175 0.312403 0.661085 0.313191 0.660820 0.313949 0.660389 0.314648 0.659809 0.315260 0.659103 0.315763 0.658297 0.316136 0.657422 0.316366 0.656512 0.316444 0.655603 0.316366 0.654728 0.316136 0.653922 0.315763 0.653215 0.315260 0.652635 0.314648 0.652204 0.313949 0.651939 0.313191 0.651850 0.312403 0.651939 0.311614 0.652204 0.310856 0.652635 0.310158 0.653215 0.309545 0.653922 0.309043 0.654728 0.308669 0.655603 0.308439 0.656512 0.308362 0.657422 0.308439 0.658297 0.308669 0.659103 0.309043 0.659809 0.309545 0.660389 0.310158 0.660820 0.310856 0.661085 0.311614
0 0.674541 0.312714 0.674464 0.313441 0.674234 0.314141 0.673860 0.314786 0.673358 0.315351 0.672746 0.315815 0.672047 0.316160 0.671289 0.316372 0.670500 0.316444 0.669712 0.316372 0.668954 0.316160 0.668255 0.315815 0.667643 0.315351 0.667140 0.314786 0.666767 0.314141 0.666537 0.313441 0.666459 0.312714 0.666537 0.311986 0.666767 0.311286 0.667140 0.310641 0.667643 0.310076 0.668255 0.309612 0.668954 0.309267 0.669712 0.309055 0.670500 0.308984 0.671289 0.309055 0.672047 0.309267 0.672746 0.309612 0.673358 0.310076 0.673860 0.310641 0.674234 0.311286 0.674464 0.311986
0 0.678583 0.311159 0.678517 0.311827 0.678322 0.312468 0.678006 0.313059 0.677581 0.313577 0.677063 0.314003 0.676472 0.314319 0.675830 0.314513 0.675163 0.314579 0.674496 0.314513 0.673855 0.314319 0.673264 0.314003 0.672745 0.313577 0.672320 0.313059 0.672004 0.312468 0.671810 0.311827 0.671744 0.311159 0.671810 0.310492 0.672004 0.309851 0.672320 0.309260 0.672745 0.308742 0.673264 0.308316 0.673855 0.308000 0.674496 0.307806 0.675163 0.307740 0.675830 0.307806 0.676472 0.308000 0.677063 0.308316 0.677581 0.308742 0.678006 0.309260 0.678322 0.309851 0.678517 0.310492
0 0.681380 0.234069 0.681320 0.234979 0.681144 0.235853 0.680856 0.236659 0.680470 0.237366 0.679999 0.237946 0.679461 0.238377 0.678878 0.238642 0.678272 0.238732 0.677665 0.238642 0.677082 0.238377 0.676545 0.237946 0.676074 0.237366 0.675687 0.236659 0.675400 0.235853 0.675223 0.234979 0.675163 0.234069 0.675223 0.233159 0.675400 0.232285 0.675687 0.231479 0.676074 0.230772 0.676545 0.230192 0.677082 0.229761 0.677665 0.229496 0.678272 0.229406 0.678878 0.229496 0.679461 0.229761 0.679999 0.230192 0.680470 0.230772 0.680856 0.231479 0.681144 0.232285 0.681320 0.233159
0 0.685421 0.230339 0.685344 0.231006 0.685114 0.231647 0.684740 0.232239 0.684238 0.232757 0.683625 0.233182 0.682927 0.233498 0.682169 0.233692 0.681380 0.233758 0.680592 0.233692 0.679834 0.233498 0.679135 0.233182 0.678523 0.232757 0.678020 0.232239 0.677647 0.231647 0.677417 0.231006 0.677339 0.230339 0.677417 0.229672 0.677647 0.229030 0.678020 0.228439 0.678523 0.227921 0.679135 0.227496 0.679834 0.227180 0.680592 0.226985 0.681380 0.226919 0.682169 0.226985 0.682927 0.227180 0.683625 0.227496 0.684238 0.227921 0.684740 0.228439 0.685114 0.229030 0.685344 0.229672
0 0.674541 0.242462 0.674500 0.243129 0.674376 0.243770 0.674175 0.244362 0.673904 0.244880 0.673574 0.245305 0.673198 0.245621 0.672790 0.245816 0.672366 0.245881 0.671941 0.245816 0.671533 0.245621 0.671157 0.245305 0.670827 0.244880 0.670556 0.244362 0.670355 0.243770 0.670231 0.243129 0.670190 0.242462 0.670231 0.241795 0.670355 0.241153 0.670556 0.240562 0.670827 0.240044 0.671157 0.239619 0.671533 0.239303 0.671941 0.239108 0.672366 0.239043 0.672790 0.239108 0.673198 0.239303 0.673574 0.239619 0.673904 0.240044 0.674175 0.240562 0.674376 0.241153 0.674500 0.241795
0 0.656044 0.245440 0.657668 0.243644 0.659426 0.242078 0.661252 0.240801 0.663075 0.239862 0.664824 0.239298 0.666434 0.239131 0.667841 0.239366 0.668993 0.239995 0.669843 0.240994 0.670361 0.242324 0.670526 0.243933 0.670331 0.245761 0.669785 0.247737 0.668907 0.249785 0.667733 0.251827 0.666306 0.253783 0.664682 0.255579 0.662924 0.257145 0.661098 0.258422 0.659275 0.259361 0.657526 0.259924 0.655916 0.260092 0.654509 0.259857 0.653357 0.259228 0.652507 0.258229 0.651989 0.256899 0.651824 0.255290 0.652019 0.253462 0.652566 0.251486 0.653443 0.249438 0.654617 0.247396
0 0.804476 0.311470 0.804381 0.312744 0.804098 0.313968 0.803638 0.315097 0.803019 0.316086 0.802266 0.316898 0.801406 0.317501 0.800473 0.317873 0.799503 0.317998 0.798532 0.317873 0.797599 0.317501 0.796739 0.316898 0.795986 0.316086 0.795367 0.315097 0.794908 0.313968 0.794625 0.312744 0.794529 0.311470 0.794625 0.310197 0.794908 0.308972 0.795367 0.307844 0.795986 0.306854 0.796739 0.306043 0.797599 0.305439 0.798532 0.305068 0.799503 0.304942 0.800473 0.305068 0.801406 0.305439 0.802266 0.306043 0.803019 0.306854 0.803638 0.307844 0.804098 0.308972 0.804381 0.310197
0 0.811937 0.308984 0.811811 0.309893 0.811440 0.310768 0.810836 0.311574 0.810025 0.312281 0.809035 0.312860 0.807907 0.313291 0.806682 0.313557 0.805409 0.313646 0.804135 0.313557 0.802911 0.313291 0.801782 0.312860 0.800793 0.312281 0.799981 0.311574 0.799378 0.310768 0.799006 0.309893 0.798881 0.308984 0.799006 0.308074 0.799378 0.307199 0.799981 0.306393 0.800793 0.305686 0.801782 0.305107 0.802911 0.304676 0.804135 0.304410 0.805409 0.304321 0.806682 0.304410 0.807907 0.304676 0.809035 0.305107 0.810025 0.305686 0.810836 0.306393 0.811440 0.307199 0.811811 0.308074
0 0.849549 0.507927 0.849460 0.508776 0.849194 0.509592 0.848763 0.510344 0.848184 0.511004 0.847477 0.511545 0.846671 0.511947 0.845796 0.512195 0.844887 0.512279 0.843977 0.512195 0.843102 0.511947 0.842296 0.511545 0.841589 0.511004 0.841010 0.510344 0.840579 0.509592 0.840313 0.508776 0.840224 0.507927 0.840313 0.507078 0.840579 0.506261 0.841010 0.505509 0.841589 0.504849 0.842296 0.504308 0.843102 0.503906 0.843977 0.503658 0.844887 0.503575 0.845796 0.503658 0.846671 0.503906 0.847477 0.504308 0.848184 0.504849 0.848763 0.505509 0.849194 0.506261 0.849460 0.507078
0 0.846158 0.490512 0.846288 0.488513 0.846794 0.486580 0.847656 0.484786 0.848842 0.483200 0.850307 0.481884 0.851992 0.480887 0.853835 0.480249 0.855764 0.479994 0.857706 0.480131 0.859584 0.480655 0.861328 0.481546 0.862870 0.482771 0.864151 0.484281 0.865121 0.486019 0.865744 0.487918 0.865996 0.489905 0.865866 0.491903 0.865361 0.493837 0.864498 0.495631 0.863312 0.497217 0.861848 0.498533 0.860162 0.499529 0.858319 0.500167 0.856390 0.500423 0.854449 0.500286 0.852570 0.499762 0.850826 0.498870 0.849284 0.497646 0.848004 0.496136 0.847033 0.494398 0.846410 0.492499
0 0.752304 0.512939 0.752435 0.512046 0.752942 0.511163 0.753805 0.510323 0.754990 0.509557 0.756452 0.508897 0.758136 0.508366 0.759975 0.507985 0.761900 0.507770 0.763837 0.507728 0.765710 0.507861 0.767449 0.508163 0.768986 0.508624 0.770263 0.509225 0.771229 0.509943 0.771849 0.510752 0.772098 0.511618 0.771966 0.512511 0.771459 0.513394 0.770597 0.514234 0.769412 0.515000 0.767949 0.515660 0.766266 0.516191 0.764426 0.516572 0.762501 0.516787 0.760565 0.516829 0.758691 0.516696 0.756952 0.516394 0.755415 0.515933 0.754139 0.515332 0.753172 0.514614 0.752553 0.513805
0 0.814656 0.665972 0.814384 0.667429 0.813695 0.668813 0.812616 0.670071 0.811189 0.671155 0.809467 0.672022 0.807518 0.672639 0.805417 0.672984 0.803243 0.673041 0.801081 0.672810 0.799013 0.672299 0.797120 0.671528 0.795473 0.670526 0.794137 0.669332 0.793162 0.667992 0.792586 0.666557 0.792431 0.665082 0.792704 0.663625 0.793392 0.662240 0.794471 0.660982 0.795899 0.659899 0.797620 0.659032 0.799569 0.658414 0.801671 0.658070 0.803844 0.658013 0.806007 0.658244 0.808074 0.658755 0.809967 0.659526 0.811614 0.660528 0.812950 0.661722 0.813925 0.663062 0.814501 0.664497
0 0.800435 0.675163 0.800358 0.675709 0.800128 0.676234 0.799754 0.676717 0.799252 0.677141 0.798639 0.677489 0.797941 0.677748 0.797183 0.677907 0.796394 0.677961 0.795606 0.677907 0.794848 0.677748 0.794149 0.677489 0.793537 0.677141 0.793034 0.676717 0.792661 0.676234 0.792431 0.675709 0.792353 0.675163 0.792431 0.674617 0.792661 0.674093 0.793034 0.673609 0.793537 0.673185 0.794149 0.672837 0.794848 0.672579 0.795606 0.672419 0.796394 0.672366 0.797183 0.672419 0.797941 0.672579 0.798639 0.672837 0.799252 0.673185 0.799754 0.673609 0.800128 0.674093 0.800358 0.674617
0 0.668325 0.812247 0.668151 0.814916 0.667638 0.817482 0.666805 0.819846 0.665684 0.821919 0.664318 0.823620 0.662760 0.824884 0.661069 0.825662 0.659310 0.825925 0.657551 0.825662 0.655860 0.824884 0.654302 0.823620 0.652936 0.821919 0.651815 0.819846 0.650982 0.817482 0.650469 0.814916 0.650295 0.812247 0.650469 0.809579 0.650982 0.807013 0.651815 0.804649 0.652936 0.802576 0.654302 0.800875 0.655860 0.799611 0.657551 0.798833 0.659310 0.798570 0.661069 0.798833 0.662760 0.799611 0.664318 0.800875 0.665684 0.802576 0.666805 0.804649 0.667638 0.807013 0.668151 0.809579
0 0.495493 0.859496 0.495415 0.860649 0.495185 0.861757 0.494812 0.862778 0.494309 0.863673 0.493697 0.864407 0.492998 0.864953 0.492240 0.865289 0.491452 0.865403 0.490663 0.865289 0.489905 0.864953 0.489207 0.864407 0.488594 0.863673 0.488092 0.862778 0.487718 0.861757 0.487488 0.860649 0.487411 0.859496 0.487488 0.858344 0.487718 0.857236 0.488092 0.856215 0.488594 0.855320 0.489207 0.854586 0.489905 0.854040 0.490663 0.853704 0.491452 0.853590 0.492240 0.853704 0.492998 0.854040 0.493697 0.854586 0.494309 0.855320 0.494812 0.856215 0.495185 0.857236 0.495415 0.858344
0 0.474923 0.868057 0.473835 0.865776 0.473078 0.863422 0.472680 0.861083 0.472658 0.858851 0.473011 0.856811 0.473726 0.855041 0.474776 0.853610 0.476121 0.852572 0.477708 0.851968 0.479477 0.851820 0.481360 0.852134 0.483284 0.852899 0.485176 0.854084 0.486962 0.855645 0.488574 0.857521 0.489951 0.859639 0.491039 0.861920 0.491796 0.864275 0.492194 0.866613 0.492216 0.868846 0.491863 0.870886 0.491148 0.872655 0.490098 0.874087 0.488753 0.875124 0.487166 0.875729 0.485397 0.875877 0.483514 0.875562 0.481590 0.874798 0.479699 0.873612 0.477912 0.872052 0.476300 0.870176
0 0.568853 0.770905 0.568781 0.771693 0.568569 0.772451 0.568224 0.773150 0.567760 0.773762 0.567195 0.774265 0.566550 0.774638 0.565851 0.774868 0.565123 0.774946 0.564395 0.774868 0.563695 0.774638 0.563050 0.774265 0.562485 0.773762 0.562021 0.773150 0.561677 0.772451 0.561464 0.771693 0.561393 0.770905 0.561464 0.770116 0.561677 0.769358 0.562021 0.768659 0.562485 0.768047 0.563050 0.767545 0.563695 0.767171 0.564395 0.766941 0.565123 0.766864 0.565851 0.766941 0.566550 0.767171 0.567195 0.767545 0.567760 0.768047 0.568224 0.768659 0.568569 0.769358 0.568781 0.770116
0 0.556108 0.778054 0.556037 0.778721 0.555824 0.779363 0.555480 0.779954 0.555016 0.780472 0.554450 0.780897 0.553805 0.781213 0.553106 0.781408 0.552378 0.781473 0.551650 0.781408 0.550951 0.781213 0.550306 0.780897 0.549740 0.780472 0.549276 0.779954 0.548932 0.779363 0.548719 0.778721 0.548648 0.778054 0.548719 0.777387 0.548932 0.776746 0.549276 0.776154 0.549740 0.775636 0.550306 0.775211 0.550951 0.774895 0.551650 0.774700 0.552378 0.774635 0.553106 0.774700 0.553805 0.774895 0.554450 0.775211 0.555016 0.775636 0.555480 0.776154 0.555824 0.776746 0.556037 0.777387
0 0.558906 0.773391 0.558828 0.773877 0.558598 0.774343 0.558225 0.774773 0.557722 0.775150 0.557110 0.775459 0.556411 0.775689 0.555653 0.775830 0.554865 0.775878 0.554076 0.775830 0.553318 0.775689 0.552620 0.775459 0.552007 0.775150 0.551505 0.774773 0.551131 0.774343 0.550901 0.773877 0.550824 0.773391 0.550901 0.772906 0.551131 0.772440 0.551505 0.772010 0.552007 0.771633 0.552620 0.771324 0.553318 0.771094 0.554076 0.770952 0.554865 0.770905 0.555653 0.770952 0.556411 0.771094 0.557110 0.771324 0.557722 0.771633 0.558225 0.772010 0.558598 0.772440 0.558828 0.772906
0 0.489897 0.760647 0.489814 0.761678 0.489566 0.762669 0.489164 0.763582 0.488623 0.764383 0.487963 0.765040 0.487211 0.765529 0.486395 0.765829 0.485546 0.765931 0.484697 0.765829 0.483880 0.765529 0.483128 0.765040 0.482468 0.764383 0.481927 0.763582 0.481525 0.762669 0.481277 0.761678 0.481194 0.760647 0.481277 0.759616 0.481525 0.758624 0.481927 0.757711 0.482468 0.756910 0.483128 0.756253 0.483880 0.755764 0.484697 0.755464 0.485546 0.755362 0.486395 0.755464 0.487211 0.755764 0.487963 0.756253 0.488623 0.756910 0.489164 0.757711 0.489566 0.758624 0.489814 0.759616
0 0.352191 0.221013 0.352191 0.231271 0.357787 0.238732 0.363382 0.244016 0.370221 0.244638 0.374262 0.239043 0.374573 0.232515 0.371775 0.226609 0.360895 0.216040 0.356543 0.214486
0 0.246503 0.435188 0.244638 0.442648 0.248368 0.449798 0.252720 0.453217 0.261113 0.440472 0.262045 0.435810 0.258315 0.431147 0.251787 0.429282 0.247125 0.431147
0 0.285048 0.499534 0.295617 0.499534 0.296550 0.501710 0.297793 0.507305 0.298415 0.511968 0.295306 0.517563 0.287535 0.519739 0.280696 0.520982 0.278210 0.516630 0.278831 0.512589 0.279764 0.507305 0.279764 0.504818
0 0.288468 0.495804 0.287846 0.494560 0.288778 0.490208 0.283494 0.487721 0.279142 0.491141 0.277588 0.496425 0.276966 0.502331 0.283805 0.503264 0.287224 0.499845
0 0.136463 0.497669 0.140814 0.494871 0.142680 0.488654 0.142680 0.484302 0.142990 0.479639 0.140814 0.475598 0.137084 0.474977 0.133976 0.477153 0.131800 0.479018 0.129313 0.481194 0.123718 0.484924 0.121853 0.488032 0.120920 0.492384 0.120298 0.496425 0.120298 0.498601 0.119677 0.503886 0.125272 0.509792 0.128691 0.509792
0 0.180292 0.679204 0.184644 0.678583 0.189307 0.673920 0.190861 0.672055 0.190861 0.670500 0.189618 0.667081 0.186509 0.665527 0.185577 0.665527 0.184955 0.666149 0.184644 0.666149 0.183712 0.663973 0.184022 0.662729 0.184022 0.661797 0.182779 0.658999 0.180292 0.658377 0.177805 0.658067 0.169102 0.665838 0.167858 0.668325 0.165682 0.675474 0.166615 0.677961 0.169412 0.680758 0.169412 0.682313 0.169412 0.684178 0.168480 0.685732 0.168791 0.686665 0.169412 0.687597 0.170034 0.690395 0.171899 0.691327 0.175008 0.693192 0.177184 0.692571 0.179671 0.688219 0.179671 0.687597 0.179671 0.686043 0.180914 0.682313 0.181225 0.680137 0.180914 0.679204 0.180914 0.678893 0.180603 0.678893
0 0.221013 0.685110 0.218527 0.687597 0.216661 0.692882 0.217594 0.696301 0.221013 0.696923 0.227230 0.695368 0.231582 0.687597 0.231271 0.685421 0.228785 0.684178 0.224744 0.682934 0.221635 0.684178 0.220392 0.686043
0 0.297171 0.803544 0.297171 0.806341 0.297171 0.809139 0.296239 0.811937 0.296239 0.813802 0.298104 0.819397 0.299036 0.820329 0.300591 0.821884 0.301212 0.822505 0.309605 0.823127 0.313335 0.811315 0.313025 0.808206 0.302456 0.793286 0.302456 0.791421 0.299969 0.794218 0.298726 0.796083 0.296860 0.802300 0.296860 0.804165
0 0.211688 0.646254 0.218216 0.640348 0.212310 0.635375 0.205160 0.636929 0.205160 0.640970 0.211377 0.646876 0.211688 0.645633
0 0.267952 0.428039 0.267832 0.428948 0.267478 0.429823 0.266904 0.430629 0.266131 0.431336 0.265189 0.431915 0.264114 0.432346 0.262947 0.432612 0.261735 0.432701 0.260522 0.432612 0.259355 0.432346 0.258281 0.431915 0.257338 0.431336 0.256565 0.430629 0.255991 0.429823 0.255637 0.428948 0.255518 0.428039 0.255637 0.427129 0.255991 0.426254 0.256565 0.425448 0.257338 0.424741 0.258281 0.424162 0.259355 0.423731 0.260522 0.423465 0.261735 0.423376 0.262947 0.423465 0.264114 0.423731 0.265189 0.424162 0.266131 0.424741 0.266904 0.425448 0.267478 0.426254 0.267832 0.427129
0 0.274790 0.430214 0.274701 0.431003 0.274435 0.431761 0.274004 0.432460 0.273424 0.433072 0.272718 0.433574 0.271912 0.433948 0.271037 0.434178 0.270127 0.434256 0.269218 0.434178 0.268343 0.433948 0.267537 0.433574 0.266830 0.433072 0.266251 0.432460 0.265820 0.431761 0.265554 0.431003 0.265465 0.430214 0.265554 0.429426 0.265820 0.428668 0.266251 0.427969 0.266830 0.427357 0.267537 0.426854 0.268343 0.426481 0.269218 0.426251 0.270127 0.426173 0.271037 0.426251 0.271912 0.426481 0.272718 0.426854 0.273424 0.427357 0.274004 0.427969 0.274435 0.428668 0.274701 0.429426
0 0.261424 0.448555 0.261340 0.449343 0.261092 0.450101 0.260690 0.450800 0.260149 0.451412 0.259490 0.451915 0.258737 0.452288 0.257921 0.452518 0.257072 0.452596 0.256223 0.452518 0.255406 0.452288 0.254654 0.451915 0.253995 0.451412 0.253453 0.450800 0.253051 0.450101 0.252804 0.449343 0.252720 0.448555 0.252804 0.447766 0.253051 0.447008 0.253453 0.446309 0.253995 0.445697 0.254654 0.445195 0.255406 0.444821 0.256223 0.444591 0.257072 0.444514 0.257921 0.444591 0.258737 0.444821 0.259490 0.445195 0.260149 0.445697 0.260690 0.446309 0.261092 0.447008 0.261340 0.447766
0 0.264843 0.462543 0.264783 0.463270 0.264606 0.463970 0.264319 0.464615 0.263933 0.465180 0.263462 0.465644 0.262924 0.465989 0.262341 0.466201 0.261735 0.466273 0.261128 0.466201 0.260545 0.465989 0.260008 0.465644 0.259537 0.465180 0.259150 0.464615 0.258863 0.463970 0.258686 0.463270 0.258626 0.462543 0.258686 0.461815 0.258863 0.461115 0.259150 0.460470 0.259537 0.459905 0.260008 0.459441 0.260545 0.459097 0.261128 0.458884 0.261735 0.458813 0.262341 0.458884 0.262924 0.459097 0.263462 0.459441 0.263933 0.459905 0.264319 0.460470 0.264606 0.461115 0.264783 0.461815
0 0.154803 0.465030 0.154570 0.465575 0.153880 0.466100 0.152760 0.466584 0.151252 0.467008 0.149415 0.467356 0.147319 0.467614 0.145045 0.467773 0.142680 0.467827 0.140314 0.467773 0.138040 0.467614 0.135944 0.467356 0.134107 0.467008 0.132600 0.466584 0.131479 0.466100 0.130789 0.465575 0.130556 0.465030 0.130789 0.464484 0.131479 0.463959 0.132600 0.463475 0.134107 0.463051 0.135944 0.462703 0.138040 0.462445 0.140314 0.462286 0.142680 0.462232 0.145045 0.462286 0.147319 0.462445 0.149415 0.462703 0.151252 0.463051 0.152760 0.463475 0.153880 0.463959 0.154570 0.464484
0 0.169723 0.528443 0.169610 0.529474 0.169274 0.530465 0.168728 0.531379 0.167993 0.532179 0.167098 0.532836 0.166077 0.533325 0.164969 0.533626 0.163817 0.533727 0.162665 0.533626 0.161557 0.533325 0.160536 0.532836 0.159641 0.532179 0.158906 0.531379 0.158361 0.530465 0.158025 0.529474 0.157911 0.528443 0.158025 0.527412 0.158361 0.526420 0.158906 0.525507 0.159641 0.524706 0.160536 0.524049 0.161557 0.523560 0.162665 0.523260 0.163817 0.523158 0.164969 0.523260 0.166077 0.523560 0.167098 0.524049 0.167993 0.524706 0.168728 0.525507 0.169274 0.526420 0.169610 0.527412
0 0.235002 0.761579 0.234930 0.762246 0.234718 0.762888 0.234373 0.763479 0.233909 0.763997 0.233344 0.764422 0.232699 0.764738 0.231999 0.764933 0.231271 0.764998 0.230544 0.764933 0.229844 0.764738 0.229199 0.764422 0.228634 0.763997 0.228170 0.763479 0.227825 0.762888 0.227613 0.762246 0.227541 0.761579 0.227613 0.760912 0.227825 0.760271 0.228170 0.759679 0.228634 0.759161 0.229199 0.758736 0.229844 0.758420 0.230544 0.758225 0.231271 0.758160 0.231999 0.758225 0.232699 0.758420 0.233344 0.758736 0.233909 0.759161 0.234373 0.759679 0.234718 0.760271 0.234930 0.760912
0 0.358408 0.805098 0.358319 0.806250 0.358054 0.807358 0.357623 0.808379 0.357043 0.809274 0.356336 0.810009 0.355530 0.810554 0.354655 0.810891 0.353746 0.811004 0.352836 0.810891 0.351961 0.810554 0.351155 0.810009 0.350449 0.809274 0.349869 0.808379 0.349438 0.807358 0.349173 0.806250 0.349083 0.805098 0.349173 0.803946 0.349438 0.802838 0.349869 0.801817 0.350449 0.800922 0.351155 0.800187 0.351961 0.799641 0.352836 0.799305 0.353746 0.799192 0.354655 0.799305 0.355530 0.799641 0.356336 0.800187 0.357043 0.800922 0.357623 0.801817 0.358054 0.802838 0.358319 0.803946
0 0.317376 0.769972 0.317287 0.770760 0.317022 0.771518 0.316591 0.772217 0.316011 0.772829 0.315304 0.773332 0.314498 0.773705 0.313623 0.773935 0.312714 0.774013 0.311804 0.773935 0.310929 0.773705 0.310123 0.773332 0.309417 0.772829 0.308837 0.772217 0.308406 0.771518 0.308141 0.770760 0.308051 0.769972 0.308141 0.769184 0.308406 0.768426 0.308837 0.767727 0.309417 0.767115 0.310123 0.766612 0.310929 0.766239 0.311804 0.766009 0.312714 0.765931 0.313623 0.766009 0.314498 0.766239 0.315304 0.766612 0.316011 0.767115 0.316591 0.767727 0.317022 0.768426 0.317287 0.769184
0 0.283380 0.785207 0.284347 0.783672 0.285447 0.782291 0.286640 0.781118 0.287879 0.780197 0.289117 0.779565 0.290306 0.779244 0.291401 0.779248 0.292358 0.779577 0.293143 0.780218 0.293724 0.781145 0.294079 0.782324 0.294194 0.783710 0.294066 0.785248 0.293698 0.786880 0.293106 0.788544 0.292311 0.790174 0.291345 0.791709 0.290244 0.793090 0.289052 0.794263 0.287812 0.795184 0.286575 0.795816 0.285386 0.796137 0.284291 0.796132 0.283333 0.795804 0.282549 0.795163 0.281968 0.794236 0.281613 0.793056 0.281497 0.791671 0.281626 0.790133 0.281993 0.788501 0.282586 0.786837
0 0.497358 0.143923 0.501399 0.138949 0.502642 0.132732 0.501088 0.130867 0.502642 0.127448 0.500777 0.122785 0.496114 0.124029 0.490208 0.124029 0.489276 0.127137 0.486478 0.128380 0.484302 0.131178 0.481194 0.133665 0.479018 0.137084 0.477153 0.140814 0.477153 0.144234 0.479018 0.145788 0.483370 0.147031 0.487411 0.147031 0.494249 0.145788 0.495493 0.144855 0.497358 0.143612
0 0.307429 0.382033 0.309916 0.387007 0.312714 0.387939 0.314890 0.387007 0.316133 0.385763 0.316755 0.382965 0.316133 0.380790 0.315200 0.377370 0.313646 0.377059 0.311159 0.377059 0.308984 0.378614 0.308362 0.379546 0.307429 0.382033
0 0.510413 0.200808 0.509481 0.207958 0.511657 0.213864 0.515387 0.213553 0.518495 0.211999 0.520050 0.209823 0.521293 0.207025 0.522226 0.204538 0.521915 0.200808 0.520671 0.198011 0.519428 0.194902 0.516941 0.193970 0.513522 0.194280 0.512589 0.195524 0.511346 0.197700 0.510413 0.201430
0 0.116257 0.195524 0.115014 0.202673 0.115014 0.206714 0.118433 0.209512 0.122785 0.209512 0.124029 0.209512 0.127759 0.208269 0.131489 0.205160 0.132111 0.204228 0.132111 0.203917 0.132422 0.202673 0.133043 0.202052 0.133354 0.200808 0.133354 0.198321 0.133354 0.198011 0.133354 0.197078 0.133354 0.196145 0.132732 0.195213 0.132111 0.194280 0.131489 0.193970 0.130867 0.193970 0.130556 0.193348 0.129624 0.193348 0.129002 0.193348 0.128070 0.193348 0.125583 0.193037 0.124029 0.193037 0.122785 0.193037 0.121231 0.192726 0.120609 0.192726 0.118744 0.193037 0.117501 0.193037 0.116879 0.193037 0.116257 0.193659 0.116257 0.195213 0.115947 0.196456 0.115947 0.196767
0 0.170345 0.473733 0.170261 0.474400 0.170014 0.475042 0.169612 0.475633 0.169070 0.476151 0.168411 0.476576 0.167659 0.476892 0.166842 0.477087 0.165993 0.477153 0.165144 0.477087 0.164328 0.476892 0.163575 0.476576 0.162916 0.476151 0.162375 0.475633 0.161973 0.475042 0.161725 0.474400 0.161641 0.473733 0.161725 0.473066 0.161973 0.472425 0.162375 0.471834 0.162916 0.471315 0.163575 0.470890 0.164328 0.470574 0.165144 0.470380 0.165993 0.470314 0.166842 0.470380 0.167659 0.470574 0.168411 0.470890 0.169070 0.471315 0.169612 0.471834 0.170014 0.472425 0.170261 0.473066
0 0.118433 0.477153 0.118374 0.478002 0.118197 0.478818 0.117909 0.479570 0.117523 0.480230 0.117052 0.480771 0.116514 0.481173 0.115931 0.481421 0.115325 0.481505 0.114718 0.481421 0.114135 0.481173 0.113598 0.480771 0.113127 0.480230 0.112740 0.479570 0.112453 0.478818 0.112276 0.478002 0.112216 0.477153 0.112276 0.476304 0.112453 0.475487 0.112740 0.474735 0.113127 0.474075 0.113598 0.473534 0.114135 0.473132 0.114718 0.472884 0.115325 0.472801 0.115931 0.472884 0.116514 0.473132 0.117052 0.473534 0.117523 0.474075 0.117909 0.474735 0.118197 0.475487 0.118374 0.476304
0 0.116568 0.480572 0.116491 0.481118 0.116261 0.481643 0.115887 0.482126 0.115385 0.482550 0.114772 0.482898 0.114074 0.483157 0.113316 0.483316 0.112527 0.483370 0.111739 0.483316 0.110981 0.483157 0.110282 0.482898 0.109670 0.482550 0.109167 0.482126 0.108794 0.481643 0.108564 0.481118 0.108486 0.480572 0.108564 0.480026 0.108794 0.479501 0.109167 0.479018 0.109670 0.478594 0.110282 0.478246 0.110981 0.477987 0.111739 0.477828 0.112527 0.477774 0.113316 0.477828 0.114074 0.477987 0.114772 0.478246 0.115385 0.478594 0.115887 0.479018 0.116261 0.479501 0.116491 0.480026
0 0.265465 0.405657 0.265351 0.406628 0.265015 0.407561 0.264469 0.408421 0.263735 0.409174 0.262840 0.409793 0.261819 0.410252 0.260711 0.410535 0.259559 0.410631 0.258406 0.410535 0.257298 0.410252 0.256277 0.409793 0.255382 0.409174 0.254648 0.408421 0.254102 0.407561 0.253766 0.406628 0.253652 0.405657 0.253766 0.404687 0.254102 0.403754 0.254648 0.402894 0.255382 0.402141 0.256277 0.401522 0.257298 0.401062 0.258406 0.400779 0.259559 0.400684 0.260711 0.400779 0.261819 0.401062 0.262840 0.401522 0.263735 0.402141 0.264469 0.402894 0.265015 0.403754 0.265351 0.404687
0 0.268657 0.396671 0.268658 0.397618 0.268404 0.398563 0.267905 0.399470 0.267182 0.400305 0.266261 0.401034 0.265178 0.401631 0.263975 0.402072 0.262697 0.402340 0.261395 0.402425 0.260117 0.402324 0.258914 0.402040 0.257831 0.401584 0.256910 0.400975 0.256186 0.400235 0.255688 0.399392 0.255433 0.398480 0.255433 0.397533 0.255687 0.396588 0.256185 0.395681 0.256909 0.394846 0.257830 0.394116 0.258913 0.393520 0.260116 0.393079 0.261393 0.392811 0.262696 0.392726 0.263973 0.392827 0.265177 0.393111 0.266260 0.393566 0.267181 0.394176 0.267905 0.394916 0.268403 0.395758
0 0.669257 0.179981 0.669185 0.180588 0.668973 0.181171 0.668628 0.181708 0.668165 0.182179 0.667599 0.182566 0.666954 0.182853 0.666255 0.183030 0.665527 0.183090 0.664799 0.183030 0.664099 0.182853 0.663455 0.182566 0.662889 0.182179 0.662425 0.181708 0.662081 0.181171 0.661868 0.180588 0.661797 0.179981 0.661868 0.179375 0.662081 0.178792 0.662425 0.178254 0.662889 0.177783 0.663455 0.177397 0.664099 0.177109 0.664799 0.176933 0.665527 0.176873 0.666255 0.176933 0.666954 0.177109 0.667599 0.177397 0.668165 0.177783 0.668628 0.178254 0.668973 0.178792 0.669185 0.179375
0 0.672987 0.176562 0.672898 0.177168 0.672632 0.177752 0.672201 0.178289 0.671622 0.178760 0.670915 0.179147 0.670109 0.179434 0.669234 0.179611 0.668325 0.179671 0.667415 0.179611 0.666540 0.179434 0.665734 0.179147 0.665027 0.178760 0.664448 0.178289 0.664017 0.177752 0.663751 0.177168 0.663662 0.176562 0.663751 0.175956 0.664017 0.175372 0.664448 0.174835 0.665027 0.174364 0.665734 0.173977 0.666540 0.173690 0.667415 0.173513 0.668325 0.173454 0.669234 0.173513 0.670109 0.173690 0.670915 0.173977 0.671622 0.174364 0.672201 0.174835 0.672632 0.175372 0.672898 0.175956
0 0.531240 0.832763 0.531145 0.833794 0.530862 0.834786 0.530402 0.835699 0.529784 0.836500 0.529030 0.837157 0.528170 0.837646 0.527237 0.837946 0.526267 0.838048 0.525296 0.837946 0.524363 0.837646 0.523504 0.837157 0.522750 0.836500 0.522131 0.835699 0.521672 0.834786 0.521389 0.833794 0.521293 0.832763 0.521389 0.831733 0.521672 0.830741 0.522131 0.829828 0.522750 0.829027 0.523504 0.828370 0.524363 0.827881 0.525296 0.827581 0.526267 0.827479 0.527237 0.827581 0.528170 0.827881 0.529030 0.828370 0.529784 0.829027 0.530402 0.829828 0.530862 0.830741 0.531145 0.831733
0 0.321107 0.608020 0.320945 0.608930 0.320468 0.609804 0.319692 0.610610 0.318648 0.611317 0.317377 0.611897 0.315926 0.612328 0.314351 0.612593 0.312714 0.612683 0.311076 0.612593 0.309502 0.612328 0.308051 0.611897 0.306779 0.611317 0.305735 0.610610 0.304960 0.609804 0.304482 0.608930 0.304321 0.608020 0.304482 0.607110 0.304960 0.606236 0.305735 0.605429 0.306779 0.604723 0.308051 0.604143 0.309502 0.603712 0.311076 0.603447 0.312714 0.603357 0.314351 0.603447 0.315926 0.603712 0.317377 0.604143 0.318648 0.604723 0.319692 0.605429 0.320468 0.606236 0.320945 0.607110
0 0.312092 0.390737 0.312014 0.391404 0.311784 0.392045 0.311411 0.392636 0.310908 0.393155 0.310296 0.393580 0.309597 0.393896 0.308839 0.394090 0.308051 0.394156 0.307263 0.394090 0.306505 0.393896 0.305806 0.393580 0.305194 0.393155 0.304691 0.392636 0.304318 0.392045 0.304088 0.391404 0.304010 0.390737 0.304088 0.390070 0.304318 0.389428 0.304691 0.388837 0.305194 0.388319 0.305806 0.387894 0.306505 0.387578 0.307263 0.387383 0.308051 0.387317 0.308839 0.387383 0.309597 0.387578 0.310296 0.387894 0.310908 0.388319 0.311411 0.388837 0.311784 0.389428 0.312014 0.390070
0 0.189205 0.285016 0.189598 0.284561 0.190409 0.284267 0.191609 0.284147 0.193150 0.284205 0.194973 0.284439 0.197009 0.284839 0.199178 0.285391 0.201399 0.286073 0.203584 0.286859 0.205651 0.287719 0.207521 0.288619 0.209120 0.289526 0.210387 0.290404 0.211275 0.291219 0.211749 0.291940 0.211790 0.292541 0.211397 0.292996 0.210585 0.293289 0.209386 0.293409 0.207845 0.293352 0.206022 0.293118 0.203986 0.292717 0.201816 0.292166 0.199596 0.291484 0.197410 0.290698 0.195343 0.289838 0.193474 0.288938 0.191875 0.288031 0.190607 0.287153 0.189720 0.286338 0.189246 0.285616
0 0.656512 0.170034 0.656441 0.170641 0.656228 0.171224 0.655884 0.171761 0.655420 0.172232 0.654854 0.172619 0.654210 0.172906 0.653510 0.173083 0.652782 0.173143 0.652054 0.173083 0.651355 0.172906 0.650710 0.172619 0.650144 0.172232 0.649681 0.171761 0.649336 0.171224 0.649124 0.170641 0.649052 0.170034 0.649124 0.169428 0.649336 0.168845 0.649681 0.168307 0.650144 0.167836 0.650710 0.167450 0.651355 0.167162 0.652054 0.166985 0.652782 0.166926 0.653510 0.166985 0.654210 0.167162 0.654854 0.167450 0.655420 0.167836 0.655884 0.168307 0.656228 0.168845 0.656441 0.169428
0 0.642213 0.278210 0.642159 0.278755 0.642000 0.279280 0.641742 0.279764 0.641394 0.280188 0.640970 0.280536 0.640486 0.280794 0.639961 0.280953 0.639416 0.281007 0.638870 0.280953 0.638345 0.280794 0.637861 0.280536 0.637437 0.280188 0.637089 0.279764 0.636831 0.279280 0.636672 0.278755 0.636618 0.278210 0.636672 0.277664 0.636831 0.277139 0.637089 0.276655 0.637437 0.276231 0.637861 0.275883 0.638345 0.275625 0.638870 0.275466 0.639416 0.275412 0.639961 0.275466 0.640486 0.275625 0.640970 0.275883 0.641394 0.276231 0.641742 0.276655 0.642000 0.277139 0.642159 0.277664
0 0.764998 0.237799 0.764945 0.238345 0.764785 0.238870 0.764527 0.239353 0.764179 0.239777 0.763755 0.240125 0.763271 0.240384 0.762747 0.240543 0.762201 0.240597 0.761655 0.240543 0.761130 0.240384 0.760647 0.240125 0.760223 0.239777 0.759875 0.239353 0.759616 0.238870 0.759457 0.238345 0.759403 0.237799 0.759457 0.237253 0.759616 0.236729 0.759875 0.236245 0.760223 0.235821 0.760647 0.235473 0.761130 0.235215 0.761655 0.235055 0.762201 0.235002 0.762747 0.235055 0.763271 0.235215 0.763755 0.235473 0.764179 0.235821 0.764527 0.236245 0.764785 0.236729 0.764945 0.237253
0 0.736090 0.262667 0.736042 0.263213 0.735900 0.263738 0.735670 0.264221 0.735361 0.264645 0.734984 0.264993 0.734554 0.265252 0.734088 0.265411 0.733603 0.265465 0.733118 0.265411 0.732651 0.265252 0.732221 0.264993 0.731844 0.264645 0.731535 0.264221 0.731305 0.263738 0.731164 0.263213 0.731116 0.262667 0.731164 0.262121 0.731305 0.261596 0.731535 0.261113 0.731844 0.260689 0.732221 0.260341 0.732651 0.260082 0.733118 0.259923 0.733603 0.259869 0.734088 0.259923 0.734554 0.260082 0.734984 0.260341 0.735361 0.260689 0.735670 0.261113 0.735900 0.261596 0.736042 0.262121
0 0.751010 0.249922 0.750974 0.250286 0.750868 0.250636 0.750696 0.250958 0.750464 0.251241 0.750181 0.251473 0.749859 0.251645 0.749509 0.251752 0.749145 0.251787 0.748781 0.251752 0.748431 0.251645 0.748109 0.251473 0.747826 0.251241 0.747594 0.250958 0.747422 0.250636 0.747316 0.250286 0.747280 0.249922 0.747316 0.249558 0.747422 0.249209 0.747594 0.248886 0.747826 0.248603 0.748109 0.248372 0.748431 0.248199 0.748781 0.248093 0.749145 0.248057 0.749509 0.248093 0.749859 0.248199 0.750181 0.248372 0.750464 0.248603 0.750696 0.248886 0.750868 0.249209 0.750974 0.249558
0 0.732981 0.381411 0.732897 0.382139 0.732650 0.382839 0.732248 0.383484 0.731706 0.384049 0.731047 0.384513 0.730295 0.384857 0.729478 0.385070 0.728629 0.385141 0.727780 0.385070 0.726964 0.384857 0.726211 0.384513 0.725552 0.384049 0.725011 0.383484 0.724609 0.382839 0.724361 0.382139 0.724277 0.381411 0.724361 0.380684 0.724609 0.379984 0.725011 0.379339 0.725552 0.378774 0.726211 0.378310 0.726964 0.377965 0.727780 0.377753 0.728629 0.377681 0.729478 0.377753 0.730295 0.377965 0.731047 0.378310 0.731706 0.378774 0.732248 0.379339 0.732650 0.379984 0.732897 0.380684
0 0.734224 0.602114 0.734165 0.602660 0.733988 0.603184 0.733701 0.603668 0.733314 0.604092 0.732843 0.604440 0.732306 0.604698 0.731722 0.604858 0.731116 0.604911 0.730510 0.604858 0.729926 0.604698 0.729389 0.604440 0.728918 0.604092 0.728531 0.603668 0.728244 0.603184 0.728067 0.602660 0.728007 0.602114 0.728067 0.601568 0.728244 0.601043 0.728531 0.600559 0.728918 0.600136 0.729389 0.599788 0.729926 0.599529 0.730510 0.599370 0.731116 0.599316 0.731722 0.599370 0.732306 0.599529 0.732843 0.599788 0.733314 0.600136 0.733701 0.600559 0.733988 0.601043 0.734165 0.601568
0 0.620454 0.733603 0.620394 0.734330 0.620217 0.735030 0.619930 0.735675 0.619543 0.736240 0.619072 0.736704 0.618535 0.737049 0.617952 0.737261 0.617345 0.737333 0.616739 0.737261 0.616156 0.737049 0.615618 0.736704 0.615147 0.736240 0.614761 0.735675 0.614473 0.735030 0.614297 0.734330 0.614237 0.733603 0.614297 0.732875 0.614473 0.732175 0.614761 0.731530 0.615147 0.730965 0.615618 0.730501 0.616156 0.730156 0.616739 0.729944 0.617345 0.729873 0.617952 0.729944 0.618535 0.730156 0.619072 0.730501 0.619543 0.730965 0.619930 0.731530 0.620217 0.732175 0.620394 0.732875
0 0.421822 0.758471 0.421774 0.758956 0.421632 0.759422 0.421402 0.759852 0.421093 0.760229 0.420716 0.760538 0.420286 0.760768 0.419820 0.760910 0.419335 0.760957 0.418850 0.760910 0.418383 0.760768 0.417953 0.760538 0.417576 0.760229 0.417267 0.759852 0.417037 0.759422 0.416896 0.758956 0.416848 0.758471 0.416896 0.757985 0.417037 0.757519 0.417267 0.757089 0.417576 0.756712 0.417953 0.756403 0.418383 0.756173 0.418850 0.756032 0.419335 0.755984 0.419820 0.756032 0.420286 0.756173 0.420716 0.756403 0.421093 0.756712 0.421402 0.757089 0.421632 0.757519 0.421774 0.757985
0 0.419335 0.761268 0.419293 0.761753 0.419169 0.762220 0.418968 0.762650 0.418697 0.763027 0.418368 0.763336 0.417992 0.763566 0.417583 0.763707 0.417159 0.763755 0.416734 0.763707 0.416326 0.763566 0.415950 0.763336 0.415620 0.763027 0.415350 0.762650 0.415149 0.762220 0.415025 0.761753 0.414983 0.761268 0.415025 0.760783 0.415149 0.760317 0.415350 0.759887 0.415620 0.759510 0.415950 0.759201 0.416326 0.758971 0.416734 0.758829 0.417159 0.758781 0.417583 0.758829 0.417992 0.758971 0.418368 0.759201 0.418697 0.759510 0.418968 0.759887 0.419169 0.760317 0.419293 0.760783
0 0.422132 0.520361 0.422079 0.520967 0.421919 0.521550 0.421661 0.522088 0.421313 0.522559 0.420889 0.522945 0.420405 0.523232 0.419881 0.523409 0.419335 0.523469 0.418789 0.523409 0.418264 0.523232 0.417780 0.522945 0.417357 0.522559 0.417009 0.522088 0.416750 0.521550 0.416591 0.520967 0.416537 0.520361 0.416591 0.519754 0.416750 0.519171 0.417009 0.518634 0.417357 0.518163 0.417780 0.517776 0.418264 0.517489 0.418789 0.517312 0.419335 0.517252 0.419881 0.517312 0.420405 0.517489 0.420889 0.517776 0.421313 0.518163 0.421661 0.518634 0.421919 0.519171 0.422079 0.519754
0 0.301212 0.557352 0.301165 0.558019 0.301023 0.558660 0.300793 0.559251 0.300484 0.559769 0.300107 0.560195 0.299677 0.560511 0.299211 0.560705 0.298726 0.560771 0.298240 0.560705 0.297774 0.560511 0.297344 0.560195 0.296967 0.559769 0.296658 0.559251 0.296428 0.558660 0.296287 0.558019 0.296239 0.557352 0.296287 0.556684 0.296428 0.556043 0.296658 0.555452 0.296967 0.554934 0.297344 0.554508 0.297774 0.554193 0.298240 0.553998 0.298726 0.553932 0.299211 0.553998 0.299677 0.554193 0.300107 0.554508 0.300484 0.554934 0.300793 0.555452 0.301023 0.556043 0.301165 0.556684
0 0.301212 0.551756 0.301165 0.552302 0.301023 0.552827 0.300793 0.553311 0.300484 0.553735 0.300107 0.554082 0.299677 0.554341 0.299211 0.554500 0.298726 0.554554 0.298240 0.554500 0.297774 0.554341 0.297344 0.554082 0.296967 0.553735 0.296658 0.553311 0.296428 0.552827 0.296287 0.552302 0.296239 0.551756 0.296287 0.551211 0.296428 0.550686 0.296658 0.550202 0.296967 0.549778 0.297344 0.549430 0.297774 0.549172 0.298240 0.549012 0.298726 0.548959 0.299211 0.549012 0.299677 0.549172 0.300107 0.549430 0.300484 0.549778 0.300793 0.550202 0.301023 0.550686 0.301165 0.551211
0 0.605533 0.518185 0.605449 0.519155 0.605202 0.520088 0.604800 0.520948 0.604258 0.521701 0.603599 0.522320 0.602847 0.522780 0.602030 0.523063 0.601181 0.523158 0.600332 0.523063 0.599516 0.522780 0.598763 0.522320 0.598104 0.521701 0.597563 0.520948 0.597161 0.520088 0.596913 0.519155 0.596829 0.518185 0.596913 0.517214 0.597161 0.516281 0.597563 0.515421 0.598104 0.514668 0.598763 0.514049 0.599516 0.513590 0.600332 0.513307 0.601181 0.513211 0.602030 0.513307 0.602847 0.513590 0.603599 0.514049 0.604258 0.514668 0.604800 0.515421 0.605202 0.516281 0.605449 0.517214
0 0.205471 0.643146 0.205417 0.643692 0.205258 0.644216 0.204999 0.644700 0.204652 0.645124 0.204228 0.645472 0.203744 0.645730 0.203219 0.645890 0.202673 0.645943 0.202128 0.645890 0.201603 0.645730 0.201119 0.645472 0.200695 0.645124 0.200347 0.644700 0.200089 0.644216 0.199929 0.643692 0.199876 0.643146 0.199929 0.642600 0.200089 0.642075 0.200347 0.641592 0.200695 0.641168 0.201119 0.640820 0.201603 0.640561 0.202128 0.640402 0.202673 0.640348 0.203219 0.640402 0.203744 0.640561 0.204228 0.640820 0.204652 0.641168 0.204999 0.641592 0.205258 0.642075 0.205417 0.642600
0 0.274168 0.436742 0.274121 0.437227 0.273979 0.437694 0.273749 0.438124 0.273440 0.438501 0.273063 0.438810 0.272633 0.439040 0.272167 0.439181 0.271682 0.439229 0.271197 0.439181 0.270730 0.439040 0.270300 0.438810 0.269923 0.438501 0.269614 0.438124 0.269384 0.437694 0.269243 0.437227 0.269195 0.436742 0.269243 0.436257 0.269384 0.435791 0.269614 0.435361 0.269923 0.434984 0.270300 0.434675 0.270730 0.434445 0.271197 0.434303 0.271682 0.434256 0.272167 0.434303 0.272633 0.434445 0.273063 0.434675 0.273440 0.434984 0.273749 0.435361 0.273979 0.435791 0.274121 0.436257
0 0.268262 0.449798 0.268227 0.450222 0.268120 0.450631 0.267948 0.451007 0.267716 0.451337 0.267433 0.451607 0.267111 0.451808 0.266761 0.451932 0.266397 0.451974 0.266033 0.451932 0.265684 0.451808 0.265361 0.451607 0.265078 0.451337 0.264846 0.451007 0.264674 0.450631 0.264568 0.450222 0.264532 0.449798 0.264568 0.449373 0.264674 0.448965 0.264846 0.448589 0.265078 0.448259 0.265361 0.447989 0.265684 0.447788 0.266033 0.447664 0.266397 0.447622 0.266761 0.447664 0.267111 0.447788 0.267433 0.447989 0.267716 0.448259 0.267948 0.448589 0.268120 0.448965 0.268227 0.449373
0 0.264843 0.450420 0.264795 0.450965 0.264654 0.451490 0.264424 0.451974 0.264115 0.452398 0.263738 0.452746 0.263308 0.453004 0.262841 0.453164 0.262356 0.453217 0.261871 0.453164 0.261405 0.453004 0.260975 0.452746 0.260598 0.452398 0.260289 0.451974 0.260059 0.451490 0.259917 0.450965 0.259869 0.450420 0.259917 0.449874 0.260059 0.449349 0.260289 0.448865 0.260598 0.448441 0.260975 0.448093 0.261405 0.447835 0.261871 0.447676 0.262356 0.447622 0.262841 0.447676 0.263308 0.447835 0.263738 0.448093 0.264115 0.448441 0.264424 0.448865 0.264654 0.449349 0.264795 0.449874
0 0.272614 0.443581 0.272578 0.444005 0.272472 0.444414 0.272300 0.444790 0.272068 0.445120 0.271785 0.445390 0.271463 0.445591 0.271113 0.445715 0.270749 0.445757 0.270385 0.445715 0.270035 0.445591 0.269713 0.445390 0.269430 0.445120 0.269198 0.444790 0.269026 0.444414 0.268920 0.444005 0.268884 0.443581 0.268920 0.443156 0.269026 0.442748 0.269198 0.442372 0.269430 0.442042 0.269713 0.441772 0.270035 0.441571 0.270385 0.441447 0.270749 0.441405 0.271113 0.441447 0.271463 0.441571 0.271785 0.441772 0.272068 0.442042 0.272300 0.442372 0.272472 0.442748 0.272578 0.443156
0 0.271682 0.448244 0.271646 0.448608 0.271540 0.448957 0.271367 0.449280 0.271135 0.449563 0.270853 0.449794 0.270530 0.449967 0.270180 0.450073 0.269817 0.450109 0.269453 0.450073 0.269103 0.449967 0.268780 0.449794 0.268498 0.449563 0.268266 0.449280 0.268093 0.448957 0.267987 0.448608 0.267952 0.448244 0.267987 0.447880 0.268093 0.447530 0.268266 0.447208 0.268498 0.446925 0.268780 0.446693 0.269103 0.446521 0.269453 0.446414 0.269817 0.446379 0.270180 0.446414 0.270530 0.446521 0.270853 0.446693 0.271135 0.446925 0.271367 0.447208 0.271540 0.447530 0.271646 0.447880
0 0.273547 0.411874 0.273493 0.412420 0.273334 0.412945 0.273075 0.413429 0.272727 0.413853 0.272303 0.414201 0.271820 0.414459 0.271295 0.414618 0.270749 0.414672 0.270203 0.414618 0.269679 0.414459 0.269195 0.414201 0.268771 0.413853 0.268423 0.413429 0.268164 0.412945 0.268005 0.412420 0.267952 0.411874 0.268005 0.411329 0.268164 0.410804 0.268423 0.410320 0.268771 0.409896 0.269195 0.409548 0.269679 0.409290 0.270203 0.409131 0.270749 0.409077 0.271295 0.409131 0.271820 0.409290 0.272303 0.409548 0.272727 0.409896 0.273075 0.410320 0.273334 0.410804 0.273493 0.411329
0 0.266708 0.415294 0.266660 0.415658 0.266519 0.416007 0.266289 0.416330 0.265980 0.416613 0.265603 0.416845 0.265173 0.417017 0.264706 0.417123 0.264221 0.417159 0.263736 0.417123 0.263270 0.417017 0.262840 0.416845 0.262463 0.416613 0.262154 0.416330 0.261924 0.416007 0.261782 0.415658 0.261735 0.415294 0.261782 0.414930 0.261924 0.414580 0.262154 0.414258 0.262463 0.413975 0.262840 0.413743 0.263270 0.413571 0.263736 0.413464 0.264221 0.413429 0.264706 0.413464 0.265173 0.413571 0.265603 0.413743 0.265980 0.413975 0.266289 0.414258 0.266519 0.414580 0.266660 0.414930
0 0.247125 0.439540 0.247059 0.440207 0.246864 0.440848 0.246548 0.441440 0.246123 0.441958 0.245605 0.442383 0.245014 0.442699 0.244372 0.442894 0.243705 0.442959 0.243038 0.442894 0.242397 0.442699 0.241806 0.442383 0.241287 0.441958 0.240862 0.441440 0.240546 0.440848 0.240352 0.440207 0.240286 0.439540 0.240352 0.438873 0.240546 0.438231 0.240862 0.437640 0.241287 0.437122 0.241806 0.436697 0.242397 0.436381 0.243038 0.436186 0.243705 0.436121 0.244372 0.436186 0.245014 0.436381 0.245605 0.436697 0.246123 0.437122 0.246548 0.437640 0.246864 0.438231 0.247059 0.438873
0 0.310849 0.396643 0.310795 0.397128 0.310636 0.397594 0.310377 0.398024 0.310029 0.398401 0.309605 0.398711 0.309122 0.398940 0.308597 0.399082 0.308051 0.399130 0.307505 0.399082 0.306980 0.398940 0.306497 0.398711 0.306073 0.398401 0.305725 0.398024 0.305466 0.397594 0.305307 0.397128 0.305253 0.396643 0.305307 0.396158 0.305466 0.395691 0.305725 0.395261 0.306073 0.394884 0.306497 0.394575 0.306980 0.394345 0.307505 0.394204 0.308051 0.394156 0.308597 0.394204 0.309122 0.394345 0.309605 0.394575 0.310029 0.394884 0.310377 0.395261 0.310636 0.395691 0.310795 0.396158
0 0.270438 0.404103 0.270385 0.404649 0.270225 0.405174 0.269967 0.405657 0.269619 0.406081 0.269195 0.406429 0.268711 0.406688 0.268186 0.406847 0.267641 0.406901 0.267095 0.406847 0.266570 0.406688 0.266086 0.406429 0.265662 0.406081 0.265315 0.405657 0.265056 0.405174 0.264897 0.404649 0.264843 0.404103 0.264897 0.403557 0.265056 0.403033 0.265315 0.402549 0.265662 0.402125 0.266086 0.401777 0.266570 0.401519 0.267095 0.401359 0.267641 0.401306 0.268186 0.401359 0.268711 0.401519 0.269195 0.401777 0.269619 0.402125 0.269967 0.402549 0.270225 0.403033 0.270385 0.403557
