0 0.269084 0.345103 0.268207 0.345831 0.267140 0.346326 0.265925 0.346568 0.264610 0.346548 0.263243 0.346268 0.261878 0.345737 0.260567 0.344977 0.259361 0.344016 0.258306 0.342891 0.257442 0.341646 0.256803 0.340329 0.256413 0.338989 0.256288 0.337679 0.256431 0.336449 0.256838 0.335346 0.257493 0.334412 0.258371 0.333684 0.259438 0.333190 0.260652 0.332947 0.261968 0.332967 0.263335 0.333247 0.264700 0.333778 0.266010 0.334538 0.267216 0.335499 0.268272 0.336624 0.269135 0.337869 0.269774 0.339186 0.270164 0.340526 0.270290 0.341836 0.270146 0.343066 0.269739 0.344169
0 0.317066 0.238732 0.316952 0.240127 0.316616 0.241468 0.316070 0.242704 0.315336 0.243787 0.314441 0.244676 0.313420 0.245337 0.312312 0.245744 0.311159 0.245881 0.310007 0.245744 0.308899 0.245337 0.307878 0.244676 0.306983 0.243787 0.306249 0.242704 0.305703 0.241468 0.305367 0.240127 0.305253 0.238732 0.305367 0.237337 0.305703 0.235996 0.306249 0.234760 0.306983 0.233676 0.307878 0.232787 0.308899 0.232126 0.310007 0.231720 0.311159 0.231582 0.312312 0.231720 0.313420 0.232126 0.314441 0.232787 0.315336 0.233676 0.316070 0.234760 0.316616 0.235996 0.316952 0.237337
0 0.319552 0.247746 0.319457 0.248777 0.319174 0.249769 0.318714 0.250682 0.318096 0.251483 0.317342 0.252140 0.316482 0.252629 0.315549 0.252929 0.314579 0.253031 0.313609 0.252929 0.312675 0.252629 0.311816 0.252140 0.311062 0.251483 0.310443 0.250682 0.309984 0.249769 0.309701 0.248777 0.309605 0.247746 0.309701 0.246715 0.309984 0.245724 0.310443 0.244810 0.311062 0.244010 0.311816 0.243353 0.312675 0.242864 0.313609 0.242563 0.314579 0.242462 0.315549 0.242563 0.316482 0.242864 0.317342 0.243353 0.318096 0.244010 0.318714 0.244810 0.319174 0.245724 0.319457 0.246715
0 0.346390 0.722271 0.346544 0.724049 0.346305 0.725835 0.345684 0.727561 0.344704 0.729161 0.343402 0.730574 0.341828 0.731744 0.340044 0.732628 0.338117 0.733191 0.336122 0.733411 0.334135 0.733280 0.332233 0.732803 0.330489 0.731999 0.328969 0.730897 0.327733 0.729542 0.326827 0.727984 0.326287 0.726283 0.326133 0.724506 0.326371 0.722720 0.326992 0.720993 0.327973 0.719393 0.329275 0.717981 0.330848 0.716810 0.332632 0.715927 0.334559 0.715364 0.336554 0.715144 0.338541 0.715275 0.340443 0.715751 0.342188 0.716556 0.343707 0.717657 0.344944 0.719013 0.345849 0.720571
0 0.348772 0.715263 0.348659 0.716112 0.348323 0.716928 0.347777 0.717680 0.347042 0.718340 0.346147 0.718881 0.345126 0.719283 0.344018 0.719531 0.342866 0.719615 0.341714 0.719531 0.340606 0.719283 0.339585 0.718881 0.338690 0.718340 0.337955 0.717680 0.337409 0.716928 0.337073 0.716112 0.336960 0.715263 0.337073 0.714414 0.337409 0.713597 0.337955 0.712845 0.338690 0.712185 0.339585 0.711644 0.340606 0.711242 0.341714 0.710994 0.342866 0.710911 0.344018 0.710994 0.345126 0.711242 0.346147 0.711644 0.347042 0.712185 0.347777 0.712845 0.348323 0.713597 0.348659 0.714414
0 0.354989 0.721480 0.354888 0.722450 0.354587 0.723383 0.354099 0.724243 0.353441 0.724996 0.352641 0.725615 0.351727 0.726075 0.350736 0.726358 0.349705 0.726453 0.348674 0.726358 0.347682 0.726075 0.346769 0.725615 0.345968 0.724996 0.345311 0.724243 0.344823 0.723383 0.344522 0.722450 0.344420 0.721480 0.344522 0.720509 0.344823 0.719576 0.345311 0.718716 0.345968 0.717963 0.346769 0.717344 0.347682 0.716885 0.348674 0.716602 0.349705 0.716506 0.350736 0.716602 0.351727 0.716885 0.352641 0.717344 0.353441 0.717963 0.354099 0.718716 0.354587 0.719576 0.354888 0.720509
0 0.355611 0.713087 0.355527 0.713875 0.355280 0.714633 0.354877 0.715332 0.354336 0.715944 0.353677 0.716447 0.352924 0.716820 0.352108 0.717050 0.351259 0.717128 0.350410 0.717050 0.349594 0.716820 0.348841 0.716447 0.348182 0.715944 0.347640 0.715332 0.347238 0.714633 0.346991 0.713875 0.346907 0.713087 0.346991 0.712298 0.347238 0.711540 0.347640 0.710842 0.348182 0.710229 0.348841 0.709727 0.349594 0.709353 0.350410 0.709123 0.351259 0.709046 0.352108 0.709123 0.352924 0.709353 0.353677 0.709727 0.354336 0.710229 0.354877 0.710842 0.355280 0.711540 0.355527 0.712298
0 0.353124 0.729873 0.353011 0.730903 0.352674 0.731895 0.352129 0.732808 0.351394 0.733609 0.350499 0.734266 0.349478 0.734755 0.348370 0.735055 0.347218 0.735157 0.346066 0.735055 0.344958 0.734755 0.343937 0.734266 0.343042 0.733609 0.342307 0.732808 0.341761 0.731895 0.341425 0.730903 0.341312 0.729873 0.341425 0.728842 0.341761 0.727850 0.342307 0.726937 0.343042 0.726136 0.343937 0.725479 0.344958 0.724990 0.346066 0.724690 0.347218 0.724588 0.348370 0.724690 0.349478 0.724990 0.350499 0.725479 0.351394 0.726136 0.352129 0.726937 0.352674 0.727850 0.353011 0.728842
0 0.508237 0.592167 0.508124 0.593198 0.507788 0.594189 0.507242 0.595102 0.506508 0.595903 0.505613 0.596560 0.504592 0.597049 0.503484 0.597350 0.502331 0.597451 0.501179 0.597350 0.500071 0.597049 0.499050 0.596560 0.498155 0.595903 0.497421 0.595102 0.496875 0.594189 0.496539 0.593198 0.496425 0.592167 0.496539 0.591136 0.496875 0.590144 0.497421 0.589231 0.498155 0.588430 0.499050 0.587773 0.500071 0.587284 0.501179 0.586984 0.502331 0.586882 0.503484 0.586984 0.504592 0.587284 0.505613 0.587773 0.506508 0.588430 0.507242 0.589231 0.507788 0.590144 0.508124 0.591136
0 0.502021 0.587815 0.501883 0.588967 0.501476 0.590075 0.500816 0.591096 0.499926 0.591991 0.498843 0.592725 0.497607 0.593271 0.496266 0.593607 0.494871 0.593721 0.493476 0.593607 0.492135 0.593271 0.490899 0.592725 0.489816 0.591991 0.488926 0.591096 0.488266 0.590075 0.487859 0.588967 0.487721 0.587815 0.487859 0.586663 0.488266 0.585555 0.488926 0.584533 0.489816 0.583638 0.490899 0.582904 0.492135 0.582358 0.493476 0.582022 0.494871 0.581909 0.496266 0.582022 0.497607 0.582358 0.498843 0.582904 0.499926 0.583638 0.500816 0.584533 0.501476 0.585555 0.501883 0.586663
0 0.507305 0.607398 0.507174 0.608732 0.506784 0.610015 0.506152 0.611198 0.505302 0.612234 0.504266 0.613084 0.503083 0.613716 0.501800 0.614105 0.500466 0.614237 0.499132 0.614105 0.497849 0.613716 0.496667 0.613084 0.495631 0.612234 0.494780 0.611198 0.494148 0.610015 0.493759 0.608732 0.493628 0.607398 0.493759 0.606064 0.494148 0.604781 0.494780 0.603599 0.495631 0.602563 0.496667 0.601712 0.497849 0.601080 0.499132 0.600691 0.500466 0.600560 0.501800 0.600691 0.503083 0.601080 0.504266 0.601712 0.505302 0.602563 0.506152 0.603599 0.506784 0.604781 0.507174 0.606064
0 0.491981 0.601166 0.492100 0.602573 0.491751 0.604045 0.490949 0.605527 0.489724 0.606961 0.488124 0.608293 0.486210 0.609471 0.484055 0.610449 0.481742 0.611191 0.479360 0.611668 0.477001 0.611861 0.474756 0.611763 0.472710 0.611378 0.470942 0.610721 0.469521 0.609816 0.468500 0.608699 0.467919 0.607413 0.467801 0.606007 0.468149 0.604534 0.468951 0.603052 0.470176 0.601618 0.471776 0.600287 0.473691 0.599109 0.475846 0.598130 0.478159 0.597388 0.480540 0.596912 0.482899 0.596718 0.485145 0.596816 0.487191 0.597201 0.488958 0.597858 0.490380 0.598763 0.491401 0.599880
0 0.470936 0.612372 0.470876 0.612918 0.470699 0.613442 0.470412 0.613926 0.470025 0.614350 0.469554 0.614698 0.469017 0.614956 0.468434 0.615116 0.467827 0.615169 0.467221 0.615116 0.466638 0.614956 0.466100 0.614698 0.465629 0.614350 0.465243 0.613926 0.464955 0.613442 0.464778 0.612918 0.464719 0.612372 0.464778 0.611826 0.464955 0.611301 0.465243 0.610817 0.465629 0.610394 0.466100 0.610046 0.466638 0.609787 0.467221 0.609628 0.467827 0.609574 0.468434 0.609628 0.469017 0.609787 0.469554 0.610046 0.470025 0.610394 0.470412 0.610817 0.470699 0.611301 0.470876 0.611826
0 0.585328 0.547715 0.585185 0.548746 0.584760 0.549738 0.584071 0.550651 0.583143 0.551452 0.582012 0.552109 0.580723 0.552597 0.579323 0.552898 0.577868 0.553000 0.576412 0.552898 0.575013 0.552597 0.573723 0.552109 0.572592 0.551452 0.571665 0.550651 0.570975 0.549738 0.570551 0.548746 0.570407 0.547715 0.570551 0.546684 0.570975 0.545693 0.571665 0.544779 0.572592 0.543979 0.573723 0.543321 0.575013 0.542833 0.576412 0.542532 0.577868 0.542431 0.579323 0.542532 0.580723 0.542833 0.582012 0.543321 0.583143 0.543979 0.584071 0.544779 0.584760 0.545693 0.585185 0.546684
0 0.578178 0.534349 0.578023 0.535380 0.577563 0.536371 0.576816 0.537285 0.575811 0.538085 0.574587 0.538743 0.573189 0.539231 0.571673 0.539532 0.570096 0.539633 0.568520 0.539532 0.567003 0.539231 0.565606 0.538743 0.564381 0.538085 0.563376 0.537285 0.562630 0.536371 0.562170 0.535380 0.562014 0.534349 0.562170 0.533318 0.562630 0.532327 0.563376 0.531413 0.564381 0.530612 0.565606 0.529955 0.567003 0.529467 0.568520 0.529166 0.570096 0.529064 0.571673 0.529166 0.573189 0.529467 0.574587 0.529955 0.575811 0.530612 0.576816 0.531413 0.577563 0.532327 0.578023 0.533318
0 0.576935 0.542742 0.576792 0.544197 0.576367 0.545597 0.575678 0.546886 0.574750 0.548017 0.573619 0.548945 0.572330 0.549634 0.570930 0.550059 0.569475 0.550202 0.568019 0.550059 0.566620 0.549634 0.565330 0.548945 0.564199 0.548017 0.563272 0.546886 0.562582 0.545597 0.562158 0.544197 0.562014 0.542742 0.562158 0.541286 0.562582 0.539887 0.563272 0.538597 0.564199 0.537466 0.565330 0.536539 0.566620 0.535849 0.568019 0.535425 0.569475 0.535281 0.570930 0.535425 0.572330 0.535849 0.573619 0.536539 0.574750 0.537466 0.575678 0.538597 0.576367 0.539887 0.576792 0.541286
0 0.589991 0.534349 0.589889 0.535501 0.589588 0.536609 0.589100 0.537630 0.588443 0.538525 0.587642 0.539260 0.586729 0.539805 0.585737 0.540141 0.584706 0.540255 0.583675 0.540141 0.582684 0.539805 0.581770 0.539260 0.580970 0.538525 0.580312 0.537630 0.579824 0.536609 0.579523 0.535501 0.579422 0.534349 0.579523 0.533197 0.579824 0.532089 0.580312 0.531068 0.580970 0.530173 0.581770 0.529438 0.582684 0.528892 0.583675 0.528556 0.584706 0.528443 0.585737 0.528556 0.586729 0.528892 0.587642 0.529438 0.588443 0.530173 0.589100 0.531068 0.589588 0.532089 0.589889 0.533197
0 0.584395 0.529997 0.584300 0.530785 0.584017 0.531543 0.583557 0.532242 0.582939 0.532854 0.582185 0.533357 0.581325 0.533730 0.580392 0.533960 0.579422 0.534038 0.578452 0.533960 0.577519 0.533730 0.576659 0.533357 0.575905 0.532854 0.575286 0.532242 0.574827 0.531543 0.574544 0.530785 0.574448 0.529997 0.574544 0.529209 0.574827 0.528450 0.575286 0.527752 0.575905 0.527139 0.576659 0.526637 0.577519 0.526263 0.578452 0.526034 0.579422 0.525956 0.580392 0.526034 0.581325 0.526263 0.582185 0.526637 0.582939 0.527139 0.583557 0.527752 0.584017 0.528450 0.584300 0.529209
0 0.689773 0.494560 0.689612 0.495955 0.689134 0.497296 0.688359 0.498532 0.687315 0.499616 0.686043 0.500505 0.684592 0.501165 0.683018 0.501572 0.681380 0.501710 0.679743 0.501572 0.678168 0.501165 0.676717 0.500505 0.675445 0.499616 0.674402 0.498532 0.673626 0.497296 0.673149 0.495955 0.672987 0.494560 0.673149 0.493165 0.673626 0.491824 0.674402 0.490588 0.675445 0.489505 0.676717 0.488616 0.678168 0.487955 0.679743 0.487548 0.681380 0.487411 0.683018 0.487548 0.684592 0.487955 0.686043 0.488616 0.687315 0.489505 0.688359 0.490588 0.689134 0.491824 0.689612 0.493165
0 0.681069 0.499534 0.680938 0.500868 0.680549 0.502151 0.679917 0.503333 0.679066 0.504369 0.678030 0.505220 0.676848 0.505852 0.675565 0.506241 0.674231 0.506372 0.672896 0.506241 0.671614 0.505852 0.670431 0.505220 0.669395 0.504369 0.668545 0.503333 0.667913 0.502151 0.667523 0.500868 0.667392 0.499534 0.667523 0.498200 0.667913 0.496917 0.668545 0.495734 0.669395 0.494698 0.670431 0.493848 0.671614 0.493216 0.672896 0.492826 0.674231 0.492695 0.675565 0.492826 0.676848 0.493216 0.678030 0.493848 0.679066 0.494698 0.679917 0.495734 0.680549 0.496917 0.680938 0.498200
0 0.185577 0.411874 0.185445 0.413330 0.185056 0.414729 0.184424 0.416019 0.183574 0.417150 0.182537 0.418077 0.181355 0.418767 0.180072 0.419191 0.178738 0.419335 0.177404 0.419191 0.176121 0.418767 0.174939 0.418077 0.173902 0.417150 0.173052 0.416019 0.172420 0.414729 0.172031 0.413330 0.171899 0.411874 0.172031 0.410419 0.172420 0.409019 0.173052 0.407730 0.173902 0.406599 0.174939 0.405671 0.176121 0.404982 0.177404 0.404557 0.178738 0.404414 0.180072 0.404557 0.181355 0.404982 0.182537 0.405671 0.183574 0.406599 0.184424 0.407730 0.185056 0.409019 0.185445 0.410419
0 0.188374 0.422443 0.188297 0.423292 0.188067 0.424109 0.187693 0.424861 0.187191 0.425521 0.186578 0.426062 0.185880 0.426464 0.185122 0.426712 0.184333 0.426795 0.183545 0.426712 0.182787 0.426464 0.182088 0.426062 0.181476 0.425521 0.180973 0.424861 0.180600 0.424109 0.180370 0.423292 0.180292 0.422443 0.180370 0.421594 0.180600 0.420778 0.180973 0.420025 0.181476 0.419366 0.182088 0.418825 0.182787 0.418423 0.183545 0.418175 0.184333 0.418091 0.185122 0.418175 0.185880 0.418423 0.186578 0.418825 0.187191 0.419366 0.187693 0.420025 0.188067 0.420778 0.188297 0.421594
0 0.194591 0.431769 0.194472 0.432921 0.194118 0.434029 0.193543 0.435050 0.192770 0.435945 0.191828 0.436679 0.190753 0.437225 0.189587 0.437561 0.188374 0.437675 0.187161 0.437561 0.185995 0.437225 0.184920 0.436679 0.183978 0.435945 0.183205 0.435050 0.182631 0.434029 0.182277 0.432921 0.182157 0.431769 0.182277 0.430617 0.182631 0.429509 0.183205 0.428487 0.183978 0.427592 0.184920 0.426858 0.185995 0.426312 0.187161 0.425976 0.188374 0.425863 0.189587 0.425976 0.190753 0.426312 0.191828 0.426858 0.192770 0.427592 0.193543 0.428487 0.194118 0.429509 0.194472 0.430617
0 0.172388 0.340013 0.172214 0.340484 0.171550 0.341023 0.170421 0.341609 0.168871 0.342219 0.166960 0.342830 0.164761 0.343419 0.162358 0.343962 0.159845 0.344440 0.157316 0.344833 0.154870 0.345127 0.152601 0.345310 0.150596 0.345375 0.148931 0.345320 0.147671 0.345146 0.146865 0.344861 0.146543 0.344476 0.146717 0.344005 0.147381 0.343466 0.148510 0.342880 0.150059 0.342270 0.151971 0.341659 0.154170 0.341070 0.156572 0.340526 0.159086 0.340049 0.161615 0.339655 0.164060 0.339362 0.166330 0.339179 0.168335 0.339114 0.170000 0.339169 0.171259 0.339342 0.172066 0.339627
0 0.211999 0.368666 0.211903 0.369334 0.211620 0.369975 0.211161 0.370566 0.210542 0.371084 0.209788 0.371510 0.208928 0.371826 0.207995 0.372020 0.207025 0.372086 0.206055 0.372020 0.205122 0.371826 0.204262 0.371510 0.203508 0.371084 0.202890 0.370566 0.202430 0.369975 0.202147 0.369334 0.202052 0.368666 0.202147 0.367999 0.202430 0.367358 0.202890 0.366767 0.203508 0.366249 0.204262 0.365823 0.205122 0.365507 0.206055 0.365313 0.207025 0.365247 0.207995 0.365313 0.208928 0.365507 0.209788 0.365823 0.210542 0.366249 0.211161 0.366767 0.211620 0.367358 0.211903 0.367999
0 0.270127 0.264843 0.270050 0.265813 0.269820 0.266746 0.269446 0.267606 0.268944 0.268360 0.268331 0.268978 0.267633 0.269438 0.266875 0.269721 0.266086 0.269817 0.265298 0.269721 0.264540 0.269438 0.263841 0.268978 0.263229 0.268360 0.262726 0.267606 0.262353 0.266746 0.262123 0.265813 0.262045 0.264843 0.262123 0.263873 0.262353 0.262940 0.262726 0.262080 0.263229 0.261326 0.263841 0.260708 0.264540 0.260248 0.265298 0.259965 0.266086 0.259869 0.266875 0.259965 0.267633 0.260248 0.268331 0.260708 0.268944 0.261326 0.269446 0.262080 0.269820 0.262940 0.270050 0.263873
0 0.266397 0.258315 0.266320 0.258982 0.266090 0.259624 0.265716 0.260215 0.265214 0.260733 0.264601 0.261158 0.263903 0.261474 0.263145 0.261669 0.262356 0.261735 0.261568 0.261669 0.260810 0.261474 0.260111 0.261158 0.259499 0.260733 0.258996 0.260215 0.258623 0.259624 0.258393 0.258982 0.258315 0.258315 0.258393 0.257648 0.258623 0.257007 0.258996 0.256416 0.259499 0.255897 0.260111 0.255472 0.260810 0.255156 0.261568 0.254962 0.262356 0.254896 0.263145 0.254962 0.263903 0.255156 0.264601 0.255472 0.265214 0.255897 0.265716 0.256416 0.266090 0.257007 0.266320 0.257648
0 0.414050 0.283494 0.413955 0.284282 0.413672 0.285040 0.413212 0.285739 0.412594 0.286351 0.411840 0.286854 0.410980 0.287227 0.410047 0.287457 0.409077 0.287535 0.408106 0.287457 0.407173 0.287227 0.406314 0.286854 0.405560 0.286351 0.404941 0.285739 0.404482 0.285040 0.404199 0.284282 0.404103 0.283494 0.404199 0.282706 0.404482 0.281948 0.404941 0.281249 0.405560 0.280636 0.406314 0.280134 0.407173 0.279761 0.408106 0.279531 0.409077 0.279453 0.410047 0.279531 0.410980 0.279761 0.411840 0.280134 0.412594 0.280636 0.413212 0.281249 0.413672 0.281948 0.413955 0.282706
0 0.410009 0.276655 0.409932 0.277444 0.409702 0.278202 0.409328 0.278900 0.408826 0.279513 0.408213 0.280015 0.407515 0.280389 0.406757 0.280619 0.405968 0.280696 0.405180 0.280619 0.404422 0.280389 0.403723 0.280015 0.403111 0.279513 0.402608 0.278900 0.402235 0.278202 0.402005 0.277444 0.401927 0.276655 0.402005 0.275867 0.402235 0.275109 0.402608 0.274410 0.403111 0.273798 0.403723 0.273295 0.404422 0.272922 0.405180 0.272692 0.405968 0.272614 0.406757 0.272692 0.407515 0.272922 0.408213 0.273295 0.408826 0.273798 0.409328 0.274410 0.409702 0.275109 0.409932 0.275867
0 0.426173 0.254896 0.426042 0.256048 0.425653 0.257156 0.425021 0.258177 0.424170 0.259072 0.423134 0.259807 0.421952 0.260352 0.420669 0.260689 0.419335 0.260802 0.418001 0.260689 0.416718 0.260352 0.415535 0.259807 0.414499 0.259072 0.413649 0.258177 0.413017 0.257156 0.412628 0.256048 0.412496 0.254896 0.412628 0.253744 0.413017 0.252636 0.413649 0.251615 0.414499 0.250720 0.415535 0.249985 0.416718 0.249439 0.418001 0.249103 0.419335 0.248990 0.420669 0.249103 0.421952 0.249439 0.423134 0.249985 0.424170 0.250720 0.425021 0.251615 0.425653 0.252636 0.426042 0.253744
0 0.419335 0.175008 0.419197 0.176463 0.418791 0.177863 0.418130 0.179153 0.417241 0.180283 0.416157 0.181211 0.414921 0.181900 0.413580 0.182325 0.412185 0.182468 0.410790 0.182325 0.409449 0.181900 0.408213 0.181211 0.407130 0.180283 0.406241 0.179153 0.405580 0.177863 0.405173 0.176463 0.405036 0.175008 0.405173 0.173552 0.405580 0.172153 0.406241 0.170863 0.407130 0.169732 0.408213 0.168805 0.409449 0.168115 0.410790 0.167691 0.412185 0.167547 0.413580 0.167691 0.414921 0.168115 0.416157 0.168805 0.417241 0.169732 0.418130 0.170863 0.418791 0.172153 0.419197 0.173552
0 0.213553 0.617035 0.213410 0.618429 0.212985 0.619771 0.212296 0.621007 0.211368 0.622090 0.210237 0.622979 0.208948 0.623640 0.207548 0.624047 0.206093 0.624184 0.204637 0.624047 0.203238 0.623640 0.201948 0.622979 0.200817 0.622090 0.199890 0.621007 0.199200 0.619771 0.198776 0.618429 0.198632 0.617035 0.198776 0.615640 0.199200 0.614299 0.199890 0.613062 0.200817 0.611979 0.201948 0.611090 0.203238 0.610429 0.204637 0.610022 0.206093 0.609885 0.207548 0.610022 0.208948 0.610429 0.210237 0.611090 0.211368 0.611979 0.212296 0.613062 0.212985 0.614299 0.213410 0.615640
0 0.221946 0.622941 0.221755 0.624760 0.221189 0.626509 0.220270 0.628122 0.219032 0.629535 0.217525 0.630694 0.215805 0.631556 0.213939 0.632087 0.211999 0.632266 0.210058 0.632087 0.208192 0.631556 0.206472 0.630694 0.204965 0.629535 0.203728 0.628122 0.202809 0.626509 0.202243 0.624760 0.202052 0.622941 0.202243 0.621121 0.202809 0.619372 0.203728 0.617760 0.204965 0.616347 0.206472 0.615187 0.208192 0.614325 0.210058 0.613794 0.211999 0.613615 0.213939 0.613794 0.215805 0.614325 0.217525 0.615187 0.219032 0.616347 0.220270 0.617760 0.221189 0.619372 0.221755 0.621121
0 0.246503 0.623873 0.246330 0.625207 0.245817 0.626490 0.244984 0.627673 0.243863 0.628709 0.242497 0.629559 0.240938 0.630191 0.239247 0.630580 0.237488 0.630712 0.235730 0.630580 0.234039 0.630191 0.232480 0.629559 0.231114 0.628709 0.229993 0.627673 0.229160 0.626490 0.228647 0.625207 0.228474 0.623873 0.228647 0.622539 0.229160 0.621256 0.229993 0.620074 0.231114 0.619038 0.232480 0.618187 0.234039 0.617555 0.235730 0.617166 0.237488 0.617035 0.239247 0.617166 0.240938 0.617555 0.242497 0.618187 0.243863 0.619038 0.244984 0.620074 0.245817 0.621256 0.246330 0.622539
0 0.255828 0.622008 0.255709 0.623160 0.255355 0.624268 0.254781 0.625289 0.254008 0.626184 0.253065 0.626919 0.251991 0.627465 0.250824 0.627801 0.249611 0.627914 0.248399 0.627801 0.247232 0.627465 0.246157 0.626919 0.245215 0.626184 0.244442 0.625289 0.243868 0.624268 0.243514 0.623160 0.243394 0.622008 0.243514 0.620856 0.243868 0.619748 0.244442 0.618727 0.245215 0.617832 0.246157 0.617097 0.247232 0.616552 0.248399 0.616215 0.249611 0.616102 0.250824 0.616215 0.251991 0.616552 0.253065 0.617097 0.254008 0.617832 0.254781 0.618727 0.255355 0.619748 0.255709 0.620856
0 0.226609 0.612372 0.226507 0.613342 0.226206 0.614275 0.225718 0.615135 0.225061 0.615889 0.224260 0.616507 0.223346 0.616967 0.222355 0.617250 0.221324 0.617345 0.220293 0.617250 0.219302 0.616967 0.218388 0.616507 0.217588 0.615889 0.216930 0.615135 0.216442 0.614275 0.216141 0.613342 0.216040 0.612372 0.216141 0.611401 0.216442 0.610468 0.216930 0.609609 0.217588 0.608855 0.218388 0.608236 0.219302 0.607777 0.220293 0.607494 0.221324 0.607398 0.222355 0.607494 0.223346 0.607777 0.224260 0.608236 0.225061 0.608855 0.225718 0.609609 0.226206 0.610468 0.226507 0.611401
0 0.147259 0.545632 0.147876 0.546723 0.148138 0.548044 0.148035 0.549544 0.147571 0.551164 0.146764 0.552843 0.145644 0.554516 0.144255 0.556119 0.142650 0.557590 0.140892 0.558872 0.139046 0.559917 0.137185 0.560684 0.135380 0.561144 0.133700 0.561279 0.132209 0.561084 0.130966 0.560566 0.130018 0.559746 0.129401 0.558654 0.129139 0.557333 0.129242 0.555834 0.129706 0.554214 0.130513 0.552535 0.131633 0.550862 0.133022 0.549259 0.134627 0.547788 0.136385 0.546505 0.138231 0.545460 0.140092 0.544693 0.141897 0.544233 0.143577 0.544098 0.145068 0.544293 0.146311 0.544811
0 0.412496 0.538079 0.412281 0.540080 0.411644 0.542005 0.410610 0.543778 0.409218 0.545332 0.407523 0.546608 0.405588 0.547556 0.403489 0.548140 0.401306 0.548337 0.399122 0.548140 0.397023 0.547556 0.395088 0.546608 0.393393 0.545332 0.392001 0.543778 0.390967 0.542005 0.390330 0.540080 0.390115 0.538079 0.390330 0.536078 0.390967 0.534153 0.392001 0.532380 0.393393 0.530825 0.395088 0.529550 0.397023 0.528602 0.399122 0.528018 0.401306 0.527821 0.403489 0.528018 0.405588 0.528602 0.407523 0.529550 0.409218 0.530825 0.410610 0.532380 0.411644 0.534153 0.412281 0.536078
0 0.416226 0.528132 0.416113 0.529163 0.415777 0.530154 0.415231 0.531068 0.414496 0.531868 0.413601 0.532526 0.412580 0.533014 0.411472 0.533315 0.410320 0.533416 0.409168 0.533315 0.408060 0.533014 0.407039 0.532526 0.406144 0.531868 0.405409 0.531068 0.404864 0.530154 0.404528 0.529163 0.404414 0.528132 0.404528 0.527101 0.404864 0.526110 0.405409 0.525196 0.406144 0.524395 0.407039 0.523738 0.408060 0.523250 0.409168 0.522949 0.410320 0.522847 0.411472 0.522949 0.412580 0.523250 0.413601 0.523738 0.414496 0.524395 0.415231 0.525196 0.415777 0.526110 0.416113 0.527101
0 0.333851 0.535592 0.333720 0.536259 0.333331 0.536901 0.332699 0.537492 0.331848 0.538010 0.330812 0.538435 0.329630 0.538751 0.328347 0.538946 0.327013 0.539012 0.325679 0.538946 0.324396 0.538751 0.323213 0.538435 0.322177 0.538010 0.321327 0.537492 0.320695 0.536901 0.320305 0.536259 0.320174 0.535592 0.320305 0.534925 0.320695 0.534284 0.321327 0.533692 0.322177 0.533174 0.323213 0.532749 0.324396 0.532433 0.325679 0.532239 0.327013 0.532173 0.328347 0.532239 0.329630 0.532433 0.330812 0.532749 0.331848 0.533174 0.332699 0.533692 0.333331 0.534284 0.333720 0.534925
0 0.305875 0.537457 0.305797 0.538609 0.305567 0.539717 0.305194 0.540739 0.304691 0.541634 0.304079 0.542368 0.303380 0.542914 0.302622 0.543250 0.301834 0.543363 0.301046 0.543250 0.300288 0.542914 0.299589 0.542368 0.298977 0.541634 0.298474 0.540739 0.298101 0.539717 0.297871 0.538609 0.297793 0.537457 0.297871 0.536305 0.298101 0.535197 0.298474 0.534176 0.298977 0.533281 0.299589 0.532546 0.300288 0.532001 0.301046 0.531665 0.301834 0.531551 0.302622 0.531665 0.303380 0.532001 0.304079 0.532546 0.304691 0.533281 0.305194 0.534176 0.305567 0.535197 0.305797 0.536305
0 0.370842 0.535592 0.370741 0.536623 0.370440 0.537614 0.369952 0.538528 0.369295 0.539329 0.368494 0.539986 0.367580 0.540474 0.366589 0.540775 0.365558 0.540877 0.364527 0.540775 0.363536 0.540474 0.362622 0.539986 0.361821 0.539329 0.361164 0.538528 0.360676 0.537614 0.360375 0.536623 0.360274 0.535592 0.360375 0.534561 0.360676 0.533570 0.361164 0.532656 0.361821 0.531856 0.362622 0.531198 0.363536 0.530710 0.364527 0.530409 0.365558 0.530308 0.366589 0.530409 0.367580 0.530710 0.368494 0.531198 0.369295 0.531856 0.369952 0.532656 0.370440 0.533570 0.370741 0.534561
0 0.390115 0.532173 0.390061 0.532840 0.389902 0.533481 0.389644 0.534073 0.389296 0.534591 0.388872 0.535016 0.388388 0.535332 0.387863 0.535526 0.387317 0.535592 0.386772 0.535526 0.386247 0.535332 0.385763 0.535016 0.385339 0.534591 0.384991 0.534073 0.384733 0.533481 0.384573 0.532840 0.384520 0.532173 0.384573 0.531506 0.384733 0.530864 0.384991 0.530273 0.385339 0.529755 0.385763 0.529330 0.386247 0.529014 0.386772 0.528819 0.387317 0.528753 0.387863 0.528819 0.388388 0.529014 0.388872 0.529330 0.389296 0.529755 0.389644 0.530273 0.389902 0.530864 0.390061 0.531506
0 0.448244 0.592788 0.448124 0.594183 0.447770 0.595524 0.447196 0.596760 0.446423 0.597844 0.445481 0.598733 0.444406 0.599394 0.443240 0.599800 0.442027 0.599938 0.440814 0.599800 0.439648 0.599394 0.438573 0.598733 0.437631 0.597844 0.436858 0.596760 0.436283 0.595524 0.435929 0.594183 0.435810 0.592788 0.435929 0.591394 0.436283 0.590052 0.436858 0.588816 0.437631 0.587733 0.438573 0.586844 0.439648 0.586183 0.440814 0.585776 0.442027 0.585639 0.443240 0.585776 0.444406 0.586183 0.445481 0.586844 0.446423 0.587733 0.447196 0.588816 0.447770 0.590052 0.448124 0.591394
0 0.436431 0.582530 0.436336 0.583561 0.436053 0.584553 0.435593 0.585466 0.434975 0.586267 0.434221 0.586924 0.433361 0.587412 0.432428 0.587713 0.431458 0.587815 0.430488 0.587713 0.429555 0.587412 0.428695 0.586924 0.427941 0.586267 0.427323 0.585466 0.426863 0.584553 0.426580 0.583561 0.426484 0.582530 0.426580 0.581499 0.426863 0.580508 0.427323 0.579594 0.427941 0.578794 0.428695 0.578136 0.429555 0.577648 0.430488 0.577347 0.431458 0.577246 0.432428 0.577347 0.433361 0.577648 0.434221 0.578136 0.434975 0.578794 0.435593 0.579594 0.436053 0.580508 0.436336 0.581499
0 0.489276 0.589680 0.489174 0.590468 0.488873 0.591226 0.488385 0.591925 0.487728 0.592537 0.486927 0.593040 0.486014 0.593413 0.485022 0.593643 0.483991 0.593721 0.482960 0.593643 0.481969 0.593413 0.481055 0.593040 0.480255 0.592537 0.479597 0.591925 0.479109 0.591226 0.478808 0.590468 0.478707 0.589680 0.478808 0.588891 0.479109 0.588133 0.479597 0.587435 0.480255 0.586822 0.481055 0.586320 0.481969 0.585946 0.482960 0.585716 0.483991 0.585639 0.485022 0.585716 0.486014 0.585946 0.486927 0.586320 0.487728 0.586822 0.488385 0.587435 0.488873 0.588133 0.489174 0.588891
0 0.585639 0.560460 0.585537 0.561430 0.585237 0.562363 0.584748 0.563223 0.584091 0.563977 0.583290 0.564595 0.582377 0.565055 0.581385 0.565338 0.580354 0.565434 0.579323 0.565338 0.578332 0.565055 0.577418 0.564595 0.576618 0.563977 0.575961 0.563223 0.575472 0.562363 0.575171 0.561430 0.575070 0.560460 0.575171 0.559490 0.575472 0.558557 0.575961 0.557697 0.576618 0.556943 0.577418 0.556325 0.578332 0.555865 0.579323 0.555582 0.580354 0.555486 0.581385 0.555582 0.582377 0.555865 0.583290 0.556325 0.584091 0.556943 0.584748 0.557697 0.585237 0.558557 0.585537 0.559490
0 0.423812 0.131032 0.425602 0.129797 0.427427 0.128746 0.429215 0.127920 0.430898 0.127351 0.432412 0.127061 0.433698 0.127060 0.434706 0.127348 0.435399 0.127916 0.435749 0.128740 0.435743 0.129789 0.435381 0.131023 0.434678 0.132394 0.433659 0.133850 0.432365 0.135335 0.430845 0.136791 0.429157 0.138163 0.427367 0.139398 0.425542 0.140449 0.423754 0.141275 0.422071 0.141844 0.420557 0.142134 0.419271 0.142135 0.418262 0.141847 0.417570 0.141279 0.417220 0.140455 0.417225 0.139406 0.417587 0.138172 0.418291 0.136801 0.419309 0.135345 0.420604 0.133860 0.422124 0.132404
0 0.459657 0.188755 0.459481 0.185705 0.459483 0.182758 0.459662 0.180026 0.460011 0.177615 0.460518 0.175617 0.461161 0.174110 0.461918 0.173151 0.462759 0.172777 0.463651 0.173003 0.464560 0.173819 0.465451 0.175194 0.466290 0.177076 0.467045 0.179392 0.467687 0.182054 0.468191 0.184958 0.468537 0.187993 0.468713 0.191043 0.468711 0.193991 0.468532 0.196723 0.468183 0.199134 0.467676 0.201131 0.467032 0.202638 0.466276 0.203597 0.465435 0.203971 0.464543 0.203746 0.463634 0.202930 0.462743 0.201554 0.461904 0.199672 0.461149 0.197356 0.460507 0.194695 0.460003 0.191791
0 0.401306 0.821262 0.401007 0.823809 0.400122 0.826258 0.398686 0.828515 0.396753 0.830494 0.394398 0.832117 0.391711 0.833324 0.388795 0.834067 0.385763 0.834318 0.382731 0.834067 0.379815 0.833324 0.377128 0.832117 0.374773 0.830494 0.372840 0.828515 0.371404 0.826258 0.370519 0.823809 0.370221 0.821262 0.370519 0.818715 0.371404 0.816266 0.372840 0.814009 0.374773 0.812030 0.377128 0.810407 0.379815 0.809200 0.382731 0.808457 0.385763 0.808206 0.388795 0.808457 0.391711 0.809200 0.394398 0.810407 0.396753 0.812030 0.398686 0.814009 0.400122 0.816266 0.401007 0.818715
0 0.729840 0.750894 0.731552 0.749148 0.733557 0.747760 0.735779 0.746783 0.738133 0.746256 0.740528 0.746198 0.742871 0.746612 0.745073 0.747481 0.747050 0.748773 0.748724 0.750437 0.750033 0.752410 0.750925 0.754617 0.751367 0.756971 0.751341 0.759382 0.750848 0.761759 0.749908 0.764010 0.748556 0.766047 0.746844 0.767793 0.744839 0.769182 0.742617 0.770158 0.740263 0.770685 0.737868 0.770743 0.735525 0.770330 0.733323 0.769460 0.731346 0.768168 0.729672 0.766504 0.728363 0.764531 0.727471 0.762325 0.727029 0.759971 0.727055 0.757559 0.727548 0.755182 0.728488 0.752932
0 0.275723 0.208890 0.275639 0.209679 0.275391 0.210437 0.274989 0.211135 0.274448 0.211748 0.273789 0.212250 0.273036 0.212624 0.272220 0.212854 0.271371 0.212931 0.270522 0.212854 0.269705 0.212624 0.268953 0.212250 0.268294 0.211748 0.267752 0.211135 0.267350 0.210437 0.267103 0.209679 0.267019 0.208890 0.267103 0.208102 0.267350 0.207344 0.267752 0.206645 0.268294 0.206033 0.268953 0.205530 0.269705 0.205157 0.270522 0.204927 0.271371 0.204849 0.272220 0.204927 0.273036 0.205157 0.273789 0.205530 0.274448 0.206033 0.274989 0.206645 0.275391 0.207344 0.275639 0.208102
0 0.254497 0.215820 0.254102 0.215171 0.253977 0.214293 0.254126 0.213219 0.254543 0.211991 0.255213 0.210655 0.256110 0.209264 0.257199 0.207870 0.258438 0.206528 0.259781 0.205288 0.261174 0.204198 0.262565 0.203301 0.263900 0.202631 0.265128 0.202213 0.266202 0.202063 0.267080 0.202188 0.267729 0.202582 0.268124 0.203231 0.268249 0.204109 0.268100 0.205183 0.267682 0.206411 0.267012 0.207747 0.266116 0.209138 0.265027 0.210532 0.263787 0.211875 0.262445 0.213114 0.261052 0.214204 0.259661 0.215101 0.258326 0.215772 0.257098 0.216190 0.256024 0.216339 0.255146 0.216214
0 0.591856 0.174386 0.591665 0.176933 0.591099 0.179382 0.590179 0.181639 0.588942 0.183618 0.587435 0.185241 0.585715 0.186448 0.583849 0.187191 0.581909 0.187442 0.579968 0.187191 0.578102 0.186448 0.576382 0.185241 0.574875 0.183618 0.573638 0.181639 0.572719 0.179382 0.572153 0.176933 0.571961 0.174386 0.572153 0.171839 0.572719 0.169390 0.573638 0.167133 0.574875 0.165154 0.576382 0.163531 0.578102 0.162324 0.579968 0.161581 0.581909 0.161330 0.583849 0.161581 0.585715 0.162324 0.587435 0.163531 0.588942 0.165154 0.590179 0.167133 0.591099 0.169390 0.591665 0.171839
0 0.831987 0.404587 0.831935 0.405724 0.831627 0.406833 0.831076 0.407874 0.830304 0.408806 0.829339 0.409593 0.828219 0.410204 0.826988 0.410617 0.825691 0.410816 0.824379 0.410792 0.823103 0.410548 0.821912 0.410091 0.820851 0.409440 0.819961 0.408620 0.819276 0.407662 0.818823 0.406603 0.818619 0.405484 0.818671 0.404348 0.818979 0.403238 0.819530 0.402197 0.820302 0.401266 0.821267 0.400479 0.822387 0.399867 0.823619 0.399454 0.824915 0.399255 0.826227 0.399279 0.827503 0.399524 0.828694 0.399980 0.829755 0.400631 0.830645 0.401451 0.831330 0.402409 0.831783 0.403468
0 0.620143 0.499223 0.620041 0.500011 0.619741 0.500769 0.619252 0.501468 0.618595 0.502080 0.617794 0.502583 0.616881 0.502956 0.615890 0.503186 0.614859 0.503264 0.613828 0.503186 0.612836 0.502956 0.611923 0.502583 0.611122 0.502080 0.610465 0.501468 0.609976 0.500769 0.609676 0.500011 0.609574 0.499223 0.609676 0.498435 0.609976 0.497676 0.610465 0.496978 0.611122 0.496365 0.611923 0.495863 0.612836 0.495489 0.613828 0.495259 0.614859 0.495182 0.615890 0.495259 0.616881 0.495489 0.617794 0.495863 0.618595 0.496365 0.619252 0.496978 0.619741 0.497676 0.620041 0.498435
0 0.542742 0.598384 0.542658 0.599233 0.542410 0.600049 0.542008 0.600801 0.541467 0.601461 0.540808 0.602002 0.540055 0.602404 0.539239 0.602652 0.538390 0.602735 0.537541 0.602652 0.536724 0.602404 0.535972 0.602002 0.535313 0.601461 0.534771 0.600801 0.534369 0.600049 0.534122 0.599233 0.534038 0.598384 0.534122 0.597535 0.534369 0.596718 0.534771 0.595966 0.535313 0.595306 0.535972 0.594765 0.536724 0.594363 0.537541 0.594115 0.538390 0.594032 0.539239 0.594115 0.540055 0.594363 0.540808 0.594765 0.541467 0.595306 0.542008 0.595966 0.542410 0.596718 0.542658 0.597535
0 0.557352 0.589058 0.557268 0.589725 0.557020 0.590367 0.556618 0.590958 0.556077 0.591476 0.555417 0.591901 0.554665 0.592217 0.553849 0.592412 0.553000 0.592477 0.552151 0.592412 0.551334 0.592217 0.550582 0.591901 0.549922 0.591476 0.549381 0.590958 0.548979 0.590367 0.548731 0.589725 0.548648 0.589058 0.548731 0.588391 0.548979 0.587750 0.549381 0.587158 0.549922 0.586640 0.550582 0.586215 0.551334 0.585899 0.552151 0.585704 0.553000 0.585639 0.553849 0.585704 0.554665 0.585899 0.555417 0.586215 0.556077 0.586640 0.556618 0.587158 0.557020 0.587750 0.557268 0.588391
0 0.742928 0.725521 0.742815 0.726552 0.742479 0.727543 0.741933 0.728457 0.741198 0.729257 0.740303 0.729915 0.739282 0.730403 0.738174 0.730704 0.737022 0.730805 0.735870 0.730704 0.734762 0.730403 0.733741 0.729915 0.732846 0.729257 0.732111 0.728457 0.731566 0.727543 0.731229 0.726552 0.731116 0.725521 0.731229 0.724490 0.731566 0.723498 0.732111 0.722585 0.732846 0.721784 0.733741 0.721127 0.734762 0.720638 0.735870 0.720338 0.737022 0.720236 0.738174 0.720338 0.739282 0.720638 0.740303 0.721127 0.741198 0.721784 0.741933 0.722585 0.742479 0.723498 0.742815 0.724490
0 0.229261 0.708482 0.230284 0.710116 0.230891 0.711996 0.231059 0.714049 0.230781 0.716196 0.230068 0.718356 0.228948 0.720444 0.227462 0.722381 0.225669 0.724092 0.223638 0.725512 0.221446 0.726585 0.219177 0.727272 0.216919 0.727544 0.214759 0.727392 0.212780 0.726822 0.211057 0.725856 0.209657 0.724530 0.208634 0.722896 0.208027 0.721016 0.207859 0.718963 0.208137 0.716816 0.208850 0.714656 0.209971 0.712568 0.211456 0.710631 0.213249 0.708920 0.215280 0.707500 0.217473 0.706427 0.219741 0.705740 0.221999 0.705468 0.224159 0.705620 0.226138 0.706190 0.227861 0.707156
0 0.321107 0.532173 0.321023 0.532840 0.320775 0.533481 0.320373 0.534073 0.319832 0.534591 0.319173 0.535016 0.318420 0.535332 0.317604 0.535526 0.316755 0.535592 0.315906 0.535526 0.315089 0.535332 0.314337 0.535016 0.313677 0.534591 0.313136 0.534073 0.312734 0.533481 0.312486 0.532840 0.312403 0.532173 0.312486 0.531506 0.312734 0.530864 0.313136 0.530273 0.313677 0.529755 0.314337 0.529330 0.315089 0.529014 0.315906 0.528819 0.316755 0.528753 0.317604 0.528819 0.318420 0.529014 0.319173 0.529330 0.319832 0.529755 0.320373 0.530273 0.320775 0.530864 0.321023 0.531506
0 0.157911 0.373951 0.157833 0.374800 0.157603 0.375616 0.157230 0.376369 0.156728 0.377028 0.156115 0.377569 0.155417 0.377971 0.154658 0.378219 0.153870 0.378303 0.153082 0.378219 0.152324 0.377971 0.151625 0.377569 0.151013 0.377028 0.150510 0.376369 0.150137 0.375616 0.149907 0.374800 0.149829 0.373951 0.149907 0.373102 0.150137 0.372285 0.150510 0.371533 0.151013 0.370874 0.151625 0.370332 0.152324 0.369930 0.153082 0.369683 0.153870 0.369599 0.154658 0.369683 0.155417 0.369930 0.156115 0.370332 0.156728 0.370874 0.157230 0.371533 0.157603 0.372285 0.157833 0.373102
0 0.154596 0.370221 0.154511 0.371612 0.154257 0.372949 0.153845 0.374182 0.153291 0.375263 0.152616 0.376149 0.151845 0.376808 0.151009 0.377214 0.150140 0.377351 0.149270 0.377214 0.148435 0.376808 0.147664 0.376149 0.146989 0.375263 0.146435 0.374182 0.146023 0.372949 0.145769 0.371612 0.145684 0.370221 0.145769 0.368830 0.146023 0.367492 0.146435 0.366259 0.146989 0.365179 0.147664 0.364292 0.148435 0.363633 0.149270 0.363227 0.150140 0.363090 0.151009 0.363227 0.151845 0.363633 0.152616 0.364292 0.153291 0.365179 0.153845 0.366259 0.154257 0.367492 0.154511 0.368830
0 0.372086 0.328567 0.371889 0.329901 0.371305 0.331184 0.370357 0.332366 0.369081 0.333403 0.367527 0.334253 0.365753 0.334885 0.363829 0.335274 0.361828 0.335406 0.359827 0.335274 0.357902 0.334885 0.356129 0.334253 0.354574 0.333403 0.353299 0.332366 0.352351 0.331184 0.351767 0.329901 0.351570 0.328567 0.351767 0.327233 0.352351 0.325950 0.353299 0.324768 0.354574 0.323731 0.356129 0.322881 0.357902 0.322249 0.359827 0.321860 0.361828 0.321728 0.363829 0.321860 0.365753 0.322249 0.367527 0.322881 0.369081 0.323731 0.370357 0.324768 0.371305 0.325950 0.371889 0.327233
0 0.701200 0.371150 0.701364 0.369324 0.701846 0.367569 0.702630 0.365951 0.703683 0.364533 0.704967 0.363370 0.706431 0.362506 0.708019 0.361974 0.709671 0.361795 0.711323 0.361975 0.712911 0.362509 0.714375 0.363374 0.715657 0.364538 0.716709 0.365957 0.717491 0.367575 0.717972 0.369331 0.718134 0.371157 0.717971 0.372982 0.717488 0.374738 0.716705 0.376355 0.715652 0.377773 0.714368 0.378936 0.712904 0.379801 0.711315 0.380333 0.709664 0.380512 0.708012 0.380331 0.706424 0.379798 0.704960 0.378933 0.703678 0.377768 0.702625 0.376350 0.701844 0.374731 0.701362 0.372976
0 0.752254 0.493006 0.752158 0.494037 0.751875 0.495028 0.751415 0.495942 0.750797 0.496743 0.750043 0.497400 0.749183 0.497888 0.748250 0.498189 0.747280 0.498290 0.746310 0.498189 0.745377 0.497888 0.744517 0.497400 0.743763 0.496743 0.743145 0.495942 0.742685 0.495028 0.742402 0.494037 0.742306 0.493006 0.742402 0.491975 0.742685 0.490984 0.743145 0.490070 0.743763 0.489269 0.744517 0.488612 0.745377 0.488124 0.746310 0.487823 0.747280 0.487721 0.748250 0.487823 0.749183 0.488124 0.750043 0.488612 0.750797 0.489269 0.751415 0.490070 0.751875 0.490984 0.752158 0.491975
0 0.730805 0.497669 0.730704 0.498518 0.730403 0.499334 0.729915 0.500086 0.729257 0.500746 0.728457 0.501287 0.727543 0.501689 0.726552 0.501937 0.725521 0.502021 0.724490 0.501937 0.723498 0.501689 0.722585 0.501287 0.721784 0.500746 0.721127 0.500086 0.720638 0.499334 0.720338 0.498518 0.720236 0.497669 0.720338 0.496820 0.720638 0.496003 0.721127 0.495251 0.721784 0.494591 0.722585 0.494050 0.723498 0.493648 0.724490 0.493400 0.725521 0.493317 0.726552 0.493400 0.727543 0.493648 0.728457 0.494050 0.729257 0.494591 0.729915 0.495251 0.730403 0.496003 0.730704 0.496820
0 0.834007 0.581598 0.833887 0.582568 0.833534 0.583501 0.832959 0.584361 0.832186 0.585115 0.831244 0.585733 0.830169 0.586193 0.829003 0.586476 0.827790 0.586571 0.826577 0.586476 0.825411 0.586193 0.824336 0.585733 0.823394 0.585115 0.822621 0.584361 0.822046 0.583501 0.821692 0.582568 0.821573 0.581598 0.821692 0.580627 0.822046 0.579694 0.822621 0.578835 0.823394 0.578081 0.824336 0.577462 0.825411 0.577003 0.826577 0.576720 0.827790 0.576624 0.829003 0.576720 0.830169 0.577003 0.831244 0.577462 0.832186 0.578081 0.832959 0.578835 0.833534 0.579694 0.833887 0.580627
0 0.583774 0.833385 0.583612 0.834780 0.583135 0.836121 0.582359 0.837357 0.581315 0.838441 0.580044 0.839330 0.578593 0.839990 0.577018 0.840397 0.575381 0.840535 0.573743 0.840397 0.572169 0.839990 0.570718 0.839330 0.569446 0.838441 0.568402 0.837357 0.567627 0.836121 0.567149 0.834780 0.566988 0.833385 0.567149 0.831990 0.567627 0.830649 0.568402 0.829413 0.569446 0.828330 0.570718 0.827441 0.572169 0.826780 0.573743 0.826373 0.575381 0.826236 0.577018 0.826373 0.578593 0.826780 0.580044 0.827441 0.581315 0.828330 0.582359 0.829413 0.583135 0.830649 0.583612 0.831990
0 0.634131 0.143612 0.638172 0.149829 0.629779 0.154181 0.622008 0.156046 0.614548 0.151383 0.606155 0.152316 0.600560 0.151072 0.605222 0.145788 0.612683 0.140814 0.622008 0.138017 0.628225 0.139882 0.633199 0.142058
0 0.764688 0.253031 0.771837 0.256139 0.776811 0.261113 0.783960 0.262356 0.788001 0.262356 0.793286 0.255828 0.782095 0.246503 0.774013 0.244638 0.769039 0.244327 0.764377 0.244638 0.762823 0.248679
0 0.844576 0.420267 0.843954 0.425241 0.845819 0.429282 0.853279 0.430836 0.863227 0.426795 0.865713 0.424619 0.869444 0.425241 0.871309 0.422443 0.868511 0.418402 0.861362 0.411874 0.850793 0.410009 0.844887 0.410942 0.839602 0.412807 0.838359 0.416537 0.838359 0.419335
0 0.847062 0.614237 0.852347 0.619832 0.859496 0.617345 0.858875 0.612372 0.856388 0.607709 0.852036 0.599316 0.841467 0.593721 0.835250 0.592788 0.829655 0.595275 0.828722 0.601181
0 0.740752 0.308362 0.732048 0.314579 0.731427 0.319863 0.732981 0.324526 0.739820 0.323593 0.745104 0.320485 0.750078 0.315200 0.749456 0.311159 0.746348 0.308362 0.742306 0.308362
0 0.755362 0.310538 0.761268 0.305564 0.758781 0.304010 0.755673 0.302456 0.752254 0.301834 0.747902 0.304942 0.747902 0.308673 0.752254 0.310538 0.756606 0.311159
0 0.173764 0.364004 0.173764 0.370842 0.171278 0.375816 0.167237 0.379235 0.162574 0.379546 0.159154 0.378303 0.157600 0.375194 0.155424 0.371775 0.153870 0.366801 0.152938 0.362760 0.152005 0.359652 0.153248 0.355300 0.161020 0.353746 0.164750 0.354678 0.167858 0.357476 0.174386 0.359963
0 0.783339 0.458502 0.788001 0.464719 0.795151 0.468449 0.800435 0.466584 0.805720 0.465651 0.808828 0.463475 0.812247 0.463164 0.815356 0.463164 0.818775 0.456637 0.818775 0.451974 0.813802 0.450420 0.806030 0.450420 0.796705 0.451974 0.789245 0.452906 0.784271 0.455082
0 0.600249 0.493006 0.603979 0.501399 0.601181 0.509792 0.594964 0.513522 0.587193 0.514144 0.588126 0.518806 0.593721 0.520982 0.602425 0.520361 0.607709 0.518185 0.610196 0.514144 0.613304 0.510103 0.613615 0.504507 0.612683 0.499223 0.611439 0.495182 0.608331 0.492384 0.604290 0.487411
0 0.464960 0.279449 0.465921 0.277845 0.467026 0.276398 0.468234 0.275165 0.469498 0.274191 0.470770 0.273516 0.472000 0.273164 0.473141 0.273150 0.474150 0.273473 0.474987 0.274122 0.475621 0.275071 0.476027 0.276284 0.476190 0.277714 0.476103 0.279307 0.475770 0.281001 0.475203 0.282731 0.474424 0.284431 0.473464 0.286035 0.472358 0.287481 0.471150 0.288715 0.469886 0.289688 0.468615 0.290363 0.467385 0.290715 0.466244 0.290730 0.465235 0.290406 0.464397 0.289758 0.463763 0.288808 0.463357 0.287595 0.463195 0.286165 0.463282 0.284572 0.463615 0.282878 0.464182 0.281148
0 0.287846 0.358408 0.287780 0.359257 0.287586 0.360074 0.287270 0.360826 0.286844 0.361486 0.286326 0.362027 0.285735 0.362429 0.285094 0.362677 0.284426 0.362760 0.283759 0.362677 0.283118 0.362429 0.282527 0.362027 0.282009 0.361486 0.281583 0.360826 0.281267 0.360074 0.281073 0.359257 0.281007 0.358408 0.281073 0.357559 0.281267 0.356743 0.281583 0.355991 0.282009 0.355331 0.282527 0.354790 0.283118 0.354388 0.283759 0.354140 0.284426 0.354057 0.285094 0.354140 0.285735 0.354388 0.286326 0.354790 0.286844 0.355331 0.287270 0.355991 0.287586 0.356743 0.287780 0.357559
0 0.300280 0.426484 0.300214 0.427333 0.300019 0.428150 0.299704 0.428902 0.299278 0.429562 0.298760 0.430103 0.298169 0.430505 0.297528 0.430753 0.296860 0.430836 0.296193 0.430753 0.295552 0.430505 0.294961 0.430103 0.294443 0.429562 0.294017 0.428902 0.293701 0.428150 0.293507 0.427333 0.293441 0.426484 0.293507 0.425635 0.293701 0.424819 0.294017 0.424067 0.294443 0.423407 0.294961 0.422866 0.295552 0.422464 0.296193 0.422216 0.296860 0.422132 0.297528 0.422216 0.298169 0.422464 0.298760 0.422866 0.299278 0.423407 0.299704 0.424067 0.300019 0.424819 0.300214 0.425635
0 0.299969 0.418402 0.299891 0.419251 0.299661 0.420068 0.299288 0.420820 0.298785 0.421479 0.298173 0.422021 0.297474 0.422423 0.296716 0.422670 0.295928 0.422754 0.295140 0.422670 0.294381 0.422423 0.293683 0.422021 0.293070 0.421479 0.292568 0.420820 0.292194 0.420068 0.291964 0.419251 0.291887 0.418402 0.291964 0.417553 0.292194 0.416737 0.292568 0.415984 0.293070 0.415325 0.293683 0.414784 0.294381 0.414382 0.295140 0.414134 0.295928 0.414050 0.296716 0.414134 0.297474 0.414382 0.298173 0.414784 0.298785 0.415325 0.299288 0.415984 0.299661 0.416737 0.299891 0.417553
0 0.301989 0.652095 0.302350 0.652809 0.302440 0.653701 0.302255 0.654736 0.301804 0.655876 0.301103 0.657076 0.300179 0.658290 0.299068 0.659472 0.297812 0.660576 0.296460 0.661559 0.295064 0.662385 0.293677 0.663020 0.292353 0.663441 0.291142 0.663632 0.290091 0.663585 0.289240 0.663302 0.288623 0.662794 0.288262 0.662081 0.288173 0.661189 0.288357 0.660153 0.288808 0.659013 0.289509 0.657813 0.290433 0.656599 0.291544 0.655418 0.292800 0.654314 0.294152 0.653330 0.295548 0.652505 0.296935 0.651869 0.298260 0.651448 0.299471 0.651257 0.300522 0.651304 0.301372 0.651587
0 0.860740 0.399130 0.860620 0.399675 0.860267 0.400200 0.859692 0.400684 0.858919 0.401108 0.857977 0.401456 0.856902 0.401714 0.855736 0.401874 0.854523 0.401927 0.853310 0.401874 0.852144 0.401714 0.851069 0.401456 0.850127 0.401108 0.849354 0.400684 0.848779 0.400200 0.848425 0.399675 0.848306 0.399130 0.848425 0.398584 0.848779 0.398059 0.849354 0.397575 0.850127 0.397151 0.851069 0.396803 0.852144 0.396545 0.853310 0.396386 0.854523 0.396332 0.855736 0.396386 0.856902 0.396545 0.857977 0.396803 0.858919 0.397151 0.859692 0.397575 0.860267 0.398059 0.860620 0.398584
0 0.726142 0.376438 0.726047 0.377105 0.725764 0.377746 0.725304 0.378337 0.724686 0.378856 0.723932 0.379281 0.723072 0.379597 0.722139 0.379791 0.721169 0.379857 0.720198 0.379791 0.719265 0.379597 0.718406 0.379281 0.717652 0.378856 0.717033 0.378337 0.716574 0.377746 0.716291 0.377105 0.716195 0.376438 0.716291 0.375771 0.716574 0.375129 0.717033 0.374538 0.717652 0.374020 0.718406 0.373595 0.719265 0.373279 0.720198 0.373084 0.721169 0.373018 0.722139 0.373084 0.723072 0.373279 0.723932 0.373595 0.724686 0.374020 0.725304 0.374538 0.725764 0.375129 0.726047 0.375771
0 0.742928 0.254896 0.742815 0.255927 0.742479 0.256918 0.741933 0.257832 0.741198 0.258633 0.740303 0.259290 0.739282 0.259778 0.738174 0.260079 0.737022 0.260180 0.735870 0.260079 0.734762 0.259778 0.733741 0.259290 0.732846 0.258633 0.732111 0.257832 0.731566 0.256918 0.731229 0.255927 0.731116 0.254896 0.731229 0.253865 0.731566 0.252874 0.732111 0.251960 0.732846 0.251159 0.733741 0.250502 0.734762 0.250014 0.735870 0.249713 0.737022 0.249611 0.738174 0.249713 0.739282 0.250014 0.740303 0.250502 0.741198 0.251159 0.741933 0.251960 0.742479 0.252874 0.742815 0.253865
0 0.781473 0.233136 0.781282 0.233561 0.780716 0.233969 0.779797 0.234345 0.778560 0.234675 0.777053 0.234946 0.775333 0.235147 0.773467 0.235271 0.771526 0.235312 0.769586 0.235271 0.767720 0.235147 0.766000 0.234946 0.764493 0.234675 0.763256 0.234345 0.762336 0.233969 0.761770 0.233561 0.761579 0.233136 0.761770 0.232712 0.762336 0.232304 0.763256 0.231928 0.764493 0.231598 0.766000 0.231327 0.767720 0.231126 0.769586 0.231002 0.771526 0.230961 0.773467 0.231002 0.775333 0.231126 0.777053 0.231327 0.778560 0.231598 0.779797 0.231928 0.780716 0.232304 0.781282 0.232712
0 
0 
0 
0 
0 
0 
0 
0 
0 0.160398 0.524712 0.160165 0.525258 0.159475 0.525783 0.158355 0.526267 0.156847 0.526691 0.155010 0.527039 0.152914 0.527297 0.150640 0.527456 0.148275 0.527510 0.145910 0.527456 0.143635 0.527297 0.141540 0.527039 0.139702 0.526691 0.138195 0.526267 0.137075 0.525783 0.136385 0.525258 0.136152 0.524712 0.136385 0.524167 0.137075 0.523642 0.138195 0.523158 0.139702 0.522734 0.141540 0.522386 0.143635 0.522128 0.145910 0.521969 0.148275 0.521915 0.150640 0.521969 0.152914 0.522128 0.155010 0.522386 0.156847 0.522734 0.158355 0.523158 0.159475 0.523642 0.160165 0.524167
0 0.336960 0.708424 0.336846 0.709576 0.336510 0.710684 0.335965 0.711705 0.335230 0.712600 0.334335 0.713335 0.333314 0.713881 0.332206 0.714217 0.331054 0.714330 0.329902 0.714217 0.328794 0.713881 0.327773 0.713335 0.326878 0.712600 0.326143 0.711705 0.325597 0.710684 0.325261 0.709576 0.325148 0.708424 0.325261 0.707272 0.325597 0.706164 0.326143 0.705143 0.326878 0.704248 0.327773 0.703513 0.328794 0.702967 0.329902 0.702631 0.331054 0.702518 0.332206 0.702631 0.333314 0.702967 0.334335 0.703513 0.335230 0.704248 0.335965 0.705143 0.336510 0.706164 0.336846 0.707272
0 0.742617 0.717749 0.742516 0.718477 0.742215 0.719177 0.741727 0.719822 0.741070 0.720387 0.740269 0.720851 0.739355 0.721196 0.738364 0.721408 0.737333 0.721480 0.736302 0.721408 0.735311 0.721196 0.734397 0.720851 0.733596 0.720387 0.732939 0.719822 0.732451 0.719177 0.732150 0.718477 0.732048 0.717749 0.732150 0.717022 0.732451 0.716322 0.732939 0.715677 0.733596 0.715112 0.734397 0.714648 0.735311 0.714303 0.736302 0.714091 0.737333 0.714019 0.738364 0.714091 0.739355 0.714303 0.740269 0.714648 0.741070 0.715112 0.741727 0.715677 0.742215 0.716322 0.742516 0.717022
0 0.765309 0.304010 0.765244 0.304677 0.765049 0.305318 0.764733 0.305910 0.764308 0.306428 0.763790 0.306853 0.763198 0.307169 0.762557 0.307364 0.761890 0.307429 0.761223 0.307364 0.760581 0.307169 0.759990 0.306853 0.759472 0.306428 0.759047 0.305910 0.758731 0.305318 0.758536 0.304677 0.758471 0.304010 0.758536 0.303343 0.758731 0.302701 0.759047 0.302110 0.759472 0.301592 0.759990 0.301167 0.760581 0.300851 0.761223 0.300656 0.761890 0.300591 0.762557 0.300656 0.763198 0.300851 0.763790 0.301167 0.764308 0.301592 0.764733 0.302110 0.765049 0.302701 0.765244 0.303343
0 0.563879 0.239353 0.563814 0.239899 0.563619 0.240424 0.563303 0.240908 0.562878 0.241332 0.562360 0.241680 0.561769 0.241938 0.561127 0.242097 0.560460 0.242151 0.559793 0.242097 0.559152 0.241938 0.558560 0.241680 0.558042 0.241332 0.557617 0.240908 0.557301 0.240424 0.557106 0.239899 0.557041 0.239353 0.557106 0.238808 0.557301 0.238283 0.557617 0.237799 0.558042 0.237375 0.558560 0.237027 0.559152 0.236769 0.559793 0.236610 0.560460 0.236556 0.561127 0.236610 0.561769 0.236769 0.562360 0.237027 0.562878 0.237375 0.563303 0.237799 0.563619 0.238283 0.563814 0.238808
0 0.556419 0.243705 0.556365 0.244251 0.556206 0.244776 0.555948 0.245260 0.555600 0.245684 0.555176 0.246031 0.554692 0.246290 0.554167 0.246449 0.553621 0.246503 0.553076 0.246449 0.552551 0.246290 0.552067 0.246031 0.551643 0.245684 0.551295 0.245260 0.551037 0.244776 0.550878 0.244251 0.550824 0.243705 0.550878 0.243160 0.551037 0.242635 0.551295 0.242151 0.551643 0.241727 0.552067 0.241379 0.552551 0.241121 0.553076 0.240961 0.553621 0.240908 0.554167 0.240961 0.554692 0.241121 0.555176 0.241379 0.555600 0.241727 0.555948 0.242151 0.556206 0.242635 0.556365 0.243160
0 0.443270 0.129002 0.443198 0.129609 0.442986 0.130192 0.442641 0.130729 0.442178 0.131200 0.441612 0.131587 0.440967 0.131874 0.440268 0.132051 0.439540 0.132111 0.438812 0.132051 0.438112 0.131874 0.437468 0.131587 0.436902 0.131200 0.436438 0.130729 0.436094 0.130192 0.435881 0.129609 0.435810 0.129002 0.435881 0.128396 0.436094 0.127813 0.436438 0.127275 0.436902 0.126804 0.437468 0.126418 0.438112 0.126130 0.438812 0.125953 0.439540 0.125894 0.440268 0.125953 0.440967 0.126130 0.441612 0.126418 0.442178 0.126804 0.442641 0.127275 0.442986 0.127813 0.443198 0.128396
0 0.437675 0.572894 0.437609 0.573561 0.437415 0.574203 0.437099 0.574794 0.436673 0.575312 0.436155 0.575737 0.435564 0.576053 0.434923 0.576248 0.434256 0.576313 0.433588 0.576248 0.432947 0.576053 0.432356 0.575737 0.431838 0.575312 0.431412 0.574794 0.431096 0.574203 0.430902 0.573561 0.430836 0.572894 0.430902 0.572227 0.431096 0.571585 0.431412 0.570994 0.431838 0.570476 0.432356 0.570051 0.432947 0.569735 0.433588 0.569540 0.434256 0.569475 0.434923 0.569540 0.435564 0.569735 0.436155 0.570051 0.436673 0.570476 0.437099 0.570994 0.437415 0.571585 0.437609 0.572227
0 0.275723 0.190550 0.275657 0.190975 0.275462 0.191383 0.275146 0.191759 0.274721 0.192089 0.274203 0.192359 0.273612 0.192561 0.272970 0.192684 0.272303 0.192726 0.271636 0.192684 0.270995 0.192561 0.270404 0.192359 0.269886 0.192089 0.269460 0.191759 0.269144 0.191383 0.268950 0.190975 0.268884 0.190550 0.268950 0.190126 0.269144 0.189718 0.269460 0.189341 0.269886 0.189012 0.270404 0.188741 0.270995 0.188540 0.271636 0.188416 0.272303 0.188374 0.272970 0.188416 0.273612 0.188540 0.274203 0.188741 0.274721 0.189012 0.275146 0.189341 0.275462 0.189718 0.275657 0.190126
0 0.271060 0.191483 0.270887 0.192029 0.270374 0.192553 0.269541 0.193037 0.268420 0.193461 0.267054 0.193809 0.265495 0.194067 0.263804 0.194227 0.262045 0.194280 0.260287 0.194227 0.258596 0.194067 0.257037 0.193809 0.255671 0.193461 0.254550 0.193037 0.253717 0.192553 0.253204 0.192029 0.253031 0.191483 0.253204 0.190937 0.253717 0.190412 0.254550 0.189928 0.255671 0.189505 0.257037 0.189157 0.258596 0.188898 0.260287 0.188739 0.262045 0.188685 0.263804 0.188739 0.265495 0.188898 0.267054 0.189157 0.268420 0.189505 0.269541 0.189928 0.270374 0.190412 0.270887 0.190937
0 0.498912 0.016475 0.498733 0.018294 0.498202 0.020044 0.497340 0.021656 0.496181 0.023069 0.494768 0.024229 0.493155 0.025091 0.491406 0.025621 0.489587 0.025800 0.487767 0.025621 0.486018 0.025091 0.484406 0.024229 0.482992 0.023069 0.481833 0.021656 0.480971 0.020044 0.480440 0.018294 0.480261 0.016475 0.480440 0.014656 0.480971 0.012906 0.481833 0.011294 0.482992 0.009881 0.484406 0.008721 0.486018 0.007859 0.487767 0.007329 0.489587 0.007150 0.491406 0.007329 0.493155 0.007859 0.494768 0.008721 0.496181 0.009881 0.497340 0.011294 0.498202 0.012906 0.498733 0.014656
0 0.466273 0.019894 0.466189 0.020743 0.465942 0.021560 0.465540 0.022312 0.464998 0.022972 0.464339 0.023513 0.463586 0.023915 0.462770 0.024163 0.461921 0.024246 0.461072 0.024163 0.460256 0.023915 0.459503 0.023513 0.458844 0.022972 0.458303 0.022312 0.457900 0.021560 0.457653 0.020743 0.457569 0.019894 0.457653 0.019045 0.457900 0.018229 0.458303 0.017477 0.458844 0.016817 0.459503 0.016276 0.460256 0.015874 0.461072 0.015626 0.461921 0.015542 0.462770 0.015626 0.463586 0.015874 0.464339 0.016276 0.464998 0.016817 0.465540 0.017477 0.465942 0.018229 0.466189 0.019045
