0 0.395399 0.448555 0.401616 0.453217 0.407212 0.453217 0.409388 0.450109 0.407523 0.443270 0.402549 0.436431 0.398508 0.437675 0.394156 0.439229 0.391358 0.443270 0.394156 0.448244
0 
0 0.182362 0.606023 0.182476 0.607465 0.181945 0.609060 0.180789 0.610747 0.179052 0.612460 0.176802 0.614135 0.174124 0.615705 0.171122 0.617112 0.167910 0.618300 0.164613 0.619225 0.161358 0.619851 0.158268 0.620153 0.155463 0.620121 0.153051 0.619755 0.151125 0.619069 0.149758 0.618090 0.149003 0.616856 0.148888 0.615413 0.149420 0.613818 0.150576 0.612131 0.152313 0.610418 0.154563 0.608744 0.157241 0.607173 0.160243 0.605767 0.163454 0.604578 0.166751 0.603653 0.170007 0.603028 0.173097 0.602725 0.175901 0.602758 0.178313 0.603124 0.180240 0.603809 0.181607 0.604788
0 0.160837 0.424852 0.160764 0.426199 0.160138 0.427580 0.158986 0.428944 0.157350 0.430237 0.155293 0.431409 0.152895 0.432416 0.150248 0.433220 0.147454 0.433788 0.144619 0.434099 0.141853 0.434142 0.139262 0.433914 0.136946 0.433425 0.134994 0.432693 0.133480 0.431746 0.132463 0.430621 0.131982 0.429360 0.132056 0.428013 0.132681 0.426632 0.133834 0.425268 0.135470 0.423975 0.137526 0.422803 0.139924 0.421796 0.142571 0.420992 0.145366 0.420424 0.148200 0.420113 0.150966 0.420070 0.153557 0.420298 0.155873 0.420787 0.157826 0.421519 0.159339 0.422466 0.160356 0.423591
0 0.236867 0.259869 0.236598 0.261082 0.235802 0.262249 0.234509 0.263323 0.232770 0.264266 0.230650 0.265039 0.228232 0.265613 0.225607 0.265967 0.222878 0.266086 0.220149 0.265967 0.217525 0.265613 0.215107 0.265039 0.212987 0.264266 0.211248 0.263323 0.209955 0.262249 0.209159 0.261082 0.208890 0.259869 0.209159 0.258657 0.209955 0.257490 0.211248 0.256415 0.212987 0.255473 0.215107 0.254700 0.217525 0.254126 0.220149 0.253772 0.222878 0.253652 0.225607 0.253772 0.228232 0.254126 0.230650 0.254700 0.232770 0.255473 0.234509 0.256415 0.235802 0.257490 0.236598 0.258657
0 0.350484 0.151710 0.351032 0.149635 0.352127 0.147710 0.353725 0.146010 0.355766 0.144601 0.358172 0.143535 0.360850 0.142855 0.363696 0.142586 0.366602 0.142739 0.369456 0.143307 0.372149 0.144270 0.374576 0.145590 0.376644 0.147215 0.378275 0.149085 0.379405 0.151127 0.379991 0.153262 0.380010 0.155408 0.379462 0.157484 0.378368 0.159408 0.376769 0.161108 0.374728 0.162518 0.372322 0.163583 0.369645 0.164263 0.366798 0.164532 0.363892 0.164380 0.361038 0.163811 0.358346 0.162848 0.355919 0.161529 0.353850 0.159903 0.352219 0.158033 0.351089 0.155992 0.350504 0.153857
0 0.483991 0.186198 0.483776 0.188321 0.483139 0.190362 0.482105 0.192243 0.480714 0.193891 0.479018 0.195244 0.477083 0.196250 0.474984 0.196869 0.472801 0.197078 0.470618 0.196869 0.468518 0.196250 0.466584 0.195244 0.464888 0.193891 0.463496 0.192243 0.462462 0.190362 0.461825 0.188321 0.461610 0.186198 0.461825 0.184076 0.462462 0.182035 0.463496 0.180154 0.464888 0.178505 0.466584 0.177152 0.468518 0.176147 0.470618 0.175528 0.472801 0.175319 0.474984 0.175528 0.477083 0.176147 0.479018 0.177152 0.480714 0.178505 0.482105 0.180154 0.483139 0.182035 0.483776 0.184076
0 0.542742 0.284426 0.542371 0.287095 0.541275 0.289661 0.539494 0.292025 0.537097 0.294098 0.534176 0.295799 0.530844 0.297063 0.527229 0.297841 0.523469 0.298104 0.519709 0.297841 0.516094 0.297063 0.512762 0.295799 0.509841 0.294098 0.507444 0.292025 0.505663 0.289661 0.504567 0.287095 0.504196 0.284426 0.504567 0.281758 0.505663 0.279192 0.507444 0.276828 0.509841 0.274755 0.512762 0.273054 0.516094 0.271790 0.519709 0.271012 0.523469 0.270749 0.527229 0.271012 0.530844 0.271790 0.534176 0.273054 0.537097 0.274755 0.539494 0.276828 0.541275 0.279192 0.542371 0.281758
0 0.728007 0.329500 0.727810 0.331198 0.727227 0.332830 0.726279 0.334335 0.725003 0.335654 0.723448 0.336736 0.721675 0.337541 0.719751 0.338036 0.717749 0.338203 0.715748 0.338036 0.713824 0.337541 0.712050 0.336736 0.710496 0.335654 0.709220 0.334335 0.708272 0.332830 0.707689 0.331198 0.707491 0.329500 0.707689 0.327802 0.708272 0.326169 0.709220 0.324664 0.710496 0.323345 0.712050 0.322263 0.713824 0.321458 0.715748 0.320963 0.717749 0.320796 0.719751 0.320963 0.721675 0.321458 0.723448 0.322263 0.725003 0.323345 0.726279 0.324664 0.727227 0.326169 0.727810 0.327802
0 0.225987 0.492384 0.225987 0.501399 0.227230 0.510724 0.225365 0.518495 0.229095 0.526267 0.237177 0.530619 0.249301 0.531862 0.257383 0.529375 0.262356 0.523780 0.265465 0.518185 0.266397 0.512279 0.265154 0.506683 0.264532 0.495493 0.255207 0.482748 0.247125 0.479329 0.239043 0.480261 0.232204 0.481815 0.227541 0.486478
0 0.454772 0.856077 0.463786 0.857631 0.469692 0.855145 0.471247 0.848928 0.471247 0.843643 0.469381 0.843643 0.469692 0.838048 0.465340 0.834939 0.460367 0.835872 0.457258 0.837115 0.452596 0.839602 0.448555 0.847684
0 0.639726 0.811004 0.640348 0.821573 0.637861 0.824992 0.640659 0.834007 0.646565 0.839602 0.651539 0.836804 0.653715 0.829033 0.653404 0.820951 0.649984 0.815045 0.646876 0.809139 0.640970 0.807585
0 0.629468 0.654958 0.635375 0.654336 0.638794 0.650917 0.637551 0.645633 0.635685 0.641592 0.632888 0.636307 0.625738 0.628536 0.615480 0.627293 0.611439 0.629779 0.608952 0.634753 0.608331 0.639726 0.609574 0.645633 0.615791 0.654958
0 0.726453 0.568853 0.722723 0.576624 0.727697 0.581909 0.732048 0.583463 0.736711 0.579733 0.738576 0.574759 0.737022 0.570718 0.733603 0.567610 0.724899 0.569475
0 0.788623 0.700964 0.786758 0.708424 0.783649 0.713398 0.783960 0.718682 0.790488 0.722412 0.794529 0.724588 0.796705 0.724899 0.797948 0.722412 0.800124 0.718060 0.800746 0.712776 0.798881 0.707491 0.796083 0.702829 0.791110 0.698788
0 0.834629 0.350637 0.834939 0.356543 0.837737 0.359341 0.837115 0.366180 0.846752 0.369599 0.850793 0.368045 0.851725 0.361517 0.851725 0.356233 0.848617 0.350016 0.834939 0.342244 0.834007 0.341623 0.830588 0.341623 0.828722 0.344109 0.830588 0.346596
0 0.784582 0.396643 0.788623 0.394156 0.791731 0.395089 0.793907 0.395399 0.795462 0.398197 0.792664 0.400373 0.789866 0.401616 0.786447 0.400684 0.784582 0.400373 0.783028 0.400373
0 0.779608 0.398508 0.776811 0.403171 0.781784 0.403171 0.783649 0.403171 0.784582 0.400684
0 0.728584 0.337373 0.729145 0.339162 0.729112 0.341177 0.728488 0.343341 0.727295 0.345570 0.725580 0.347779 0.723409 0.349882 0.720866 0.351800 0.718047 0.353458 0.715061 0.354792 0.712024 0.355752 0.709051 0.356300 0.706257 0.356416 0.703750 0.356094 0.701625 0.355348 0.699965 0.354205 0.698833 0.352711 0.698272 0.350922 0.698305 0.348907 0.698929 0.346743 0.700122 0.344514 0.701836 0.342305 0.704007 0.340202 0.706551 0.338284 0.709370 0.336626 0.712355 0.335292 0.715393 0.334332 0.718366 0.333784 0.721159 0.333668 0.723667 0.333990 0.725792 0.334736 0.727452 0.335878
0 0.639416 0.279764 0.639224 0.281583 0.638658 0.283332 0.637739 0.284945 0.636502 0.286358 0.634995 0.287518 0.633275 0.288379 0.631409 0.288910 0.629468 0.289089 0.627528 0.288910 0.625662 0.288379 0.623942 0.287518 0.622435 0.286358 0.621198 0.284945 0.620278 0.283332 0.619712 0.281583 0.619521 0.279764 0.619712 0.277944 0.620278 0.276195 0.621198 0.274583 0.622435 0.273170 0.623942 0.272010 0.625662 0.271148 0.627528 0.270617 0.629468 0.270438 0.631409 0.270617 0.633275 0.271148 0.634995 0.272010 0.636502 0.273170 0.637739 0.274583 0.638658 0.276195 0.639224 0.277944
0 0.600588 0.264823 0.602913 0.260310 0.605400 0.256091 0.607951 0.252328 0.610469 0.249165 0.612857 0.246724 0.615023 0.245099 0.616884 0.244352 0.618369 0.244512 0.619421 0.245573 0.619998 0.247493 0.620079 0.250200 0.619661 0.253589 0.618760 0.257530 0.617410 0.261872 0.615663 0.266447 0.613587 0.271080 0.611261 0.275593 0.608775 0.279812 0.606224 0.283575 0.603706 0.286738 0.601318 0.289179 0.599152 0.290804 0.597290 0.291551 0.595805 0.291391 0.594754 0.290330 0.594177 0.288410 0.594096 0.285703 0.594514 0.282314 0.595415 0.278373 0.596765 0.274031 0.598511 0.269456
0 0.672987 0.214796 0.674541 0.223500 0.683867 0.224433 0.689151 0.216972 0.687597 0.213242 0.683867 0.208890 0.674541 0.211066
0 0.751321 0.220081 0.747902 0.229406 0.744172 0.236867 0.742617 0.240597 0.748523 0.239664 0.756606 0.232515 0.758781 0.225054 0.755984 0.217594 0.752875 0.218527
0 0.861362 0.537457 0.863537 0.545539 0.864470 0.552067 0.867268 0.555797 0.873174 0.552067 0.873795 0.549270 0.873795 0.540255 0.870376 0.534349 0.858564 0.529375
0 0.552067 0.129002 0.549891 0.137084 0.552067 0.142369 0.559528 0.145166 0.566677 0.147342 0.570407 0.148896 0.575381 0.143612 0.571961 0.133354 0.567299 0.127448 0.561703 0.123096 0.554865 0.120920 0.546783 0.120920 0.552067 0.129002
0 
0 0.721480 0.203917 0.728007 0.205160 0.732359 0.209823 0.736711 0.209823 0.738887 0.206093 0.736711 0.201741 0.731738 0.198011 0.728007 0.195835 0.722723 0.194280 0.717749 0.197078 0.717128 0.201741 0.721480 0.203917
0 0.400373 0.187753 0.391358 0.194280 0.398819 0.200808 0.403171 0.198011 0.405347 0.190550
0 0.729562 0.368045 0.729448 0.369621 0.729112 0.371138 0.728566 0.372535 0.727832 0.373760 0.726937 0.374765 0.725916 0.375512 0.724808 0.375972 0.723656 0.376127 0.722503 0.375972 0.721395 0.375512 0.720374 0.374765 0.719479 0.373760 0.718745 0.372535 0.718199 0.371138 0.717863 0.369621 0.717749 0.368045 0.717863 0.366468 0.718199 0.364952 0.718745 0.363555 0.719479 0.362330 0.720374 0.361325 0.721395 0.360578 0.722503 0.360118 0.723656 0.359963 0.724808 0.360118 0.725916 0.360578 0.726937 0.361325 0.727832 0.362330 0.728566 0.363555 0.729112 0.364952 0.729448 0.366468
0 0.574759 0.181225 0.574592 0.182377 0.574097 0.183485 0.573292 0.184506 0.572210 0.185401 0.570891 0.186136 0.569386 0.186681 0.567753 0.187017 0.566055 0.187131 0.564357 0.187017 0.562725 0.186681 0.561220 0.186136 0.559901 0.185401 0.558818 0.184506 0.558014 0.183485 0.557519 0.182377 0.557352 0.181225 0.557519 0.180073 0.558014 0.178965 0.558818 0.177943 0.559901 0.177048 0.561220 0.176314 0.562725 0.175768 0.564357 0.175432 0.566055 0.175319 0.567753 0.175432 0.569386 0.175768 0.570891 0.176314 0.572210 0.177048 0.573292 0.177943 0.574097 0.178965 0.574592 0.180073
0 0.716400 0.697031 0.714936 0.695348 0.713747 0.693511 0.712879 0.691590 0.712366 0.689659 0.712227 0.687792 0.712467 0.686061 0.713078 0.684532 0.714035 0.683264 0.715302 0.682307 0.716831 0.681695 0.718562 0.681454 0.720429 0.681593 0.722361 0.682105 0.724282 0.682972 0.726120 0.684160 0.727803 0.685624 0.729267 0.687306 0.730456 0.689143 0.731323 0.691064 0.731837 0.692996 0.731976 0.694863 0.731735 0.696594 0.731125 0.698123 0.730167 0.699390 0.728900 0.700348 0.727372 0.700959 0.725641 0.701200 0.723773 0.701062 0.721842 0.700549 0.719921 0.699682 0.718083 0.698494
0 0.841346 0.512213 0.841485 0.513120 0.841325 0.514091 0.840872 0.515087 0.840143 0.516071 0.839166 0.517004 0.837979 0.517852 0.836628 0.518581 0.835163 0.519164 0.833643 0.519577 0.832124 0.519805 0.830666 0.519840 0.829324 0.519680 0.828150 0.519331 0.827190 0.518806 0.826479 0.518127 0.826046 0.517317 0.825907 0.516410 0.826067 0.515440 0.826520 0.514444 0.827249 0.513460 0.828226 0.512526 0.829413 0.511678 0.830764 0.510949 0.832229 0.510367 0.833749 0.509954 0.835268 0.509725 0.836726 0.509690 0.838068 0.509851 0.839242 0.510200 0.840202 0.510724 0.840913 0.511404
0 0.722101 0.573516 0.721976 0.574971 0.721604 0.576371 0.721001 0.577660 0.720189 0.578791 0.719200 0.579719 0.718072 0.580408 0.716847 0.580833 0.715574 0.580976 0.714300 0.580833 0.713075 0.580408 0.711947 0.579719 0.710958 0.578791 0.710146 0.577660 0.709543 0.576371 0.709171 0.574971 0.709046 0.573516 0.709171 0.572060 0.709543 0.570661 0.710146 0.569371 0.710958 0.568240 0.711947 0.567313 0.713075 0.566623 0.714300 0.566199 0.715574 0.566055 0.716847 0.566199 0.718072 0.566623 0.719200 0.567313 0.720189 0.568240 0.721001 0.569371 0.721604 0.570661 0.721976 0.572060
0 0.686354 0.328567 0.686240 0.329598 0.685904 0.330589 0.685358 0.331503 0.684624 0.332304 0.683729 0.332961 0.682708 0.333449 0.681600 0.333750 0.680448 0.333851 0.679295 0.333750 0.678187 0.333449 0.677166 0.332961 0.676271 0.332304 0.675537 0.331503 0.674991 0.330589 0.674655 0.329598 0.674541 0.328567 0.674655 0.327536 0.674991 0.326545 0.675537 0.325631 0.676271 0.324830 0.677166 0.324173 0.678187 0.323685 0.679295 0.323384 0.680448 0.323283 0.681600 0.323384 0.682708 0.323685 0.683729 0.324173 0.684624 0.324830 0.685358 0.325631 0.685904 0.326545 0.686240 0.327536
0 0.646565 0.329189 0.646440 0.330341 0.646068 0.331449 0.645465 0.332470 0.644653 0.333365 0.643664 0.334099 0.642535 0.334645 0.641311 0.334981 0.640037 0.335095 0.638764 0.334981 0.637539 0.334645 0.636411 0.334099 0.635421 0.333365 0.634610 0.332470 0.634006 0.331449 0.633635 0.330341 0.633509 0.329189 0.633635 0.328036 0.634006 0.326929 0.634610 0.325907 0.635421 0.325012 0.636411 0.324278 0.637539 0.323732 0.638764 0.323396 0.640037 0.323283 0.641311 0.323396 0.642535 0.323732 0.643664 0.324278 0.644653 0.325012 0.645465 0.325907 0.646068 0.326929 0.646440 0.328036
0 0.636929 0.323904 0.636803 0.324935 0.636432 0.325927 0.635829 0.326840 0.635017 0.327641 0.634028 0.328298 0.632899 0.328786 0.631675 0.329087 0.630401 0.329189 0.629127 0.329087 0.627903 0.328786 0.626774 0.328298 0.625785 0.327641 0.624973 0.326840 0.624370 0.325927 0.623999 0.324935 0.623873 0.323904 0.623999 0.322873 0.624370 0.321882 0.624973 0.320968 0.625785 0.320168 0.626774 0.319510 0.627903 0.319022 0.629127 0.318721 0.630401 0.318620 0.631675 0.318721 0.632899 0.319022 0.634028 0.319510 0.635017 0.320168 0.635829 0.320968 0.636432 0.321882 0.636803 0.322873
0 0.707491 0.333541 0.707378 0.334572 0.707042 0.335563 0.706496 0.336476 0.705762 0.337277 0.704867 0.337934 0.703846 0.338423 0.702738 0.338723 0.701585 0.338825 0.700433 0.338723 0.699325 0.338423 0.698304 0.337934 0.697409 0.337277 0.696675 0.336476 0.696129 0.335563 0.695793 0.334572 0.695679 0.333541 0.695793 0.332510 0.696129 0.331518 0.696675 0.330605 0.697409 0.329804 0.698304 0.329147 0.699325 0.328658 0.700433 0.328358 0.701585 0.328256 0.702738 0.328358 0.703846 0.328658 0.704867 0.329147 0.705762 0.329804 0.706496 0.330605 0.707042 0.331518 0.707378 0.332510
0 0.438297 0.464097 0.438171 0.465552 0.437800 0.466952 0.437196 0.468242 0.436385 0.469372 0.435395 0.470300 0.434267 0.470989 0.433042 0.471414 0.431769 0.471557 0.430495 0.471414 0.429271 0.470989 0.428142 0.470300 0.427153 0.469372 0.426341 0.468242 0.425738 0.466952 0.425366 0.465552 0.425241 0.464097 0.425366 0.462642 0.425738 0.461242 0.426341 0.459952 0.427153 0.458822 0.428142 0.457894 0.429271 0.457205 0.430495 0.456780 0.431769 0.456637 0.433042 0.456780 0.434267 0.457205 0.435395 0.457894 0.436385 0.458822 0.437196 0.459952 0.437800 0.461242 0.438171 0.462642
0 0.295617 0.771215 0.295504 0.772064 0.295167 0.772881 0.294622 0.773633 0.293887 0.774293 0.292992 0.774834 0.291971 0.775236 0.290863 0.775484 0.289711 0.775567 0.288559 0.775484 0.287451 0.775236 0.286430 0.774834 0.285535 0.774293 0.284800 0.773633 0.284254 0.772881 0.283918 0.772064 0.283805 0.771215 0.283918 0.770366 0.284254 0.769550 0.284800 0.768798 0.285535 0.768138 0.286430 0.767597 0.287451 0.767195 0.288559 0.766947 0.289711 0.766864 0.290863 0.766947 0.291971 0.767195 0.292992 0.767597 0.293887 0.768138 0.294622 0.768798 0.295167 0.769550 0.295504 0.770366
0 0.388561 0.425863 0.388477 0.426894 0.388230 0.427885 0.387827 0.428798 0.387286 0.429599 0.386627 0.430256 0.385874 0.430745 0.385058 0.431045 0.384209 0.431147 0.383360 0.431045 0.382543 0.430745 0.381791 0.430256 0.381132 0.429599 0.380590 0.428798 0.380188 0.427885 0.379941 0.426894 0.379857 0.425863 0.379941 0.424832 0.380188 0.423840 0.380590 0.422927 0.381132 0.422126 0.381791 0.421469 0.382543 0.420980 0.383360 0.420680 0.384209 0.420578 0.385058 0.420680 0.385874 0.420980 0.386627 0.421469 0.387286 0.422126 0.387827 0.422927 0.388230 0.423840 0.388477 0.424832
0 0.805720 0.554865 0.811626 0.554865 0.814423 0.557973 0.813180 0.562947 0.809450 0.565123 0.803544 0.563879 0.801989 0.558595 0.801989 0.555797
0 0.658377 0.670190 0.654647 0.679515 0.653093 0.686354 0.656823 0.691327 0.658999 0.696612 0.660553 0.705316 0.662729 0.711222 0.664905 0.711222 0.668635 0.711843 0.670811 0.709667 0.671433 0.704694 0.669257 0.697855 0.665838 0.691949 0.666459 0.683245 0.668014 0.678893 0.670190 0.672987
0 0.638483 0.652471 0.642835 0.655580 0.644389 0.657756 0.641592 0.661175 0.637240 0.664283 0.635685 0.664283 0.632577 0.656823
0 0.796083 0.340068 0.792664 0.342244 0.794840 0.349705 0.797638 0.349705 0.801368 0.347529 0.804165 0.343799 0.806341 0.338825 0.801368 0.335717
0 0.353283 0.198877 0.352686 0.199505 0.351915 0.199969 0.350998 0.200249 0.349973 0.200336 0.348877 0.200226 0.347753 0.199923 0.346645 0.199439 0.345595 0.198793 0.344642 0.198009 0.343825 0.197118 0.343174 0.196154 0.342714 0.195153 0.342463 0.194155 0.342430 0.193197 0.342617 0.192317 0.343017 0.191548 0.343615 0.190920 0.344386 0.190457 0.345303 0.190177 0.346328 0.190090 0.347424 0.190200 0.348547 0.190503 0.349656 0.190987 0.350706 0.191633 0.351659 0.192417 0.352476 0.193308 0.353127 0.194272 0.353587 0.195273 0.353838 0.196271 0.353871 0.197228 0.353683 0.198109
0 0.243491 0.246499 0.244884 0.247828 0.246147 0.249190 0.247234 0.250532 0.248101 0.251803 0.248715 0.252954 0.249053 0.253940 0.249103 0.254725 0.248861 0.255277 0.248337 0.255575 0.247552 0.255609 0.246535 0.255376 0.245326 0.254886 0.243971 0.254157 0.242523 0.253218 0.241036 0.252104 0.239568 0.250859 0.238175 0.249530 0.236911 0.248168 0.235825 0.246826 0.234958 0.245555 0.234344 0.244404 0.234005 0.243417 0.233956 0.242633 0.234198 0.242081 0.234722 0.241782 0.235507 0.241749 0.236523 0.241982 0.237732 0.242472 0.239087 0.243201 0.240536 0.244140 0.242023 0.245254
0 0.261113 0.274790 0.261041 0.275639 0.260829 0.276456 0.260484 0.277208 0.260020 0.277867 0.259455 0.278409 0.258810 0.278811 0.258110 0.279058 0.257383 0.279142 0.256655 0.279058 0.255955 0.278811 0.255310 0.278409 0.254745 0.277867 0.254281 0.277208 0.253936 0.276456 0.253724 0.275639 0.253652 0.274790 0.253724 0.273941 0.253936 0.273125 0.254281 0.272372 0.254745 0.271713 0.255310 0.271172 0.255955 0.270770 0.256655 0.270522 0.257383 0.270438 0.258110 0.270522 0.258810 0.270770 0.259455 0.271172 0.260020 0.271713 0.260484 0.272372 0.260829 0.273125 0.261041 0.273941
0 0.235441 0.446382 0.235582 0.445523 0.235999 0.444698 0.236676 0.443937 0.237587 0.443270 0.238698 0.442723 0.239966 0.442316 0.241341 0.442065 0.242771 0.441980 0.244201 0.442064 0.245577 0.442313 0.246844 0.442719 0.247956 0.443266 0.248868 0.443932 0.249545 0.444692 0.249963 0.445518 0.250104 0.446376 0.249964 0.447234 0.249547 0.448059 0.248870 0.448820 0.247958 0.449487 0.246847 0.450034 0.245580 0.450441 0.244205 0.450692 0.242775 0.450777 0.241344 0.450693 0.239969 0.450444 0.238701 0.450038 0.237590 0.449491 0.236678 0.448825 0.236000 0.448065 0.235583 0.447240
0 0.579993 0.113877 0.581477 0.115949 0.582728 0.118081 0.583696 0.120190 0.584344 0.122196 0.584649 0.124021 0.584597 0.125596 0.584190 0.126860 0.583446 0.127764 0.582391 0.128274 0.581067 0.128370 0.579524 0.128048 0.577823 0.127321 0.576027 0.126216 0.574206 0.124776 0.572431 0.123057 0.570769 0.121124 0.569284 0.119053 0.568034 0.116921 0.567066 0.114812 0.566417 0.112806 0.566113 0.110980 0.566165 0.109405 0.566571 0.108141 0.567316 0.107237 0.568371 0.106727 0.569695 0.106632 0.571237 0.106954 0.572939 0.107681 0.574735 0.108786 0.576555 0.110225 0.578331 0.111944
0 0.797327 0.553621 0.797183 0.555198 0.796759 0.556714 0.796069 0.558112 0.795142 0.559336 0.794011 0.560341 0.792721 0.561088 0.791322 0.561548 0.789866 0.561703 0.788411 0.561548 0.787011 0.561088 0.785722 0.560341 0.784591 0.559336 0.783663 0.558112 0.782974 0.556714 0.782549 0.555198 0.782406 0.553621 0.782549 0.552045 0.782974 0.550529 0.783663 0.549131 0.784591 0.547907 0.785722 0.546901 0.787011 0.546155 0.788411 0.545695 0.789866 0.545539 0.791322 0.545695 0.792721 0.546155 0.794011 0.546901 0.795142 0.547907 0.796069 0.549131 0.796759 0.550529 0.797183 0.552045
