0 0.156979 0.345353 0.159465 0.351881 0.161952 0.356543 0.166304 0.359963 0.171899 0.362449 0.177805 0.357787 0.178427 0.350326 0.177805 0.341623 0.173454 0.336027 0.166615 0.333230 0.159465 0.334162 0.157911 0.337271
0 0.294374 0.238110 0.294278 0.239020 0.293995 0.239894 0.293535 0.240701 0.292917 0.241407 0.292163 0.241987 0.291303 0.242418 0.290370 0.242683 0.289400 0.242773 0.288430 0.242683 0.287497 0.242418 0.286637 0.241987 0.285883 0.241407 0.285265 0.240701 0.284805 0.239894 0.284522 0.239020 0.284426 0.238110 0.284522 0.237200 0.284805 0.236326 0.285265 0.235520 0.285883 0.234813 0.286637 0.234233 0.287497 0.233802 0.288430 0.233537 0.289400 0.233447 0.290370 0.233537 0.291303 0.233802 0.292163 0.234233 0.292917 0.234813 0.293535 0.235520 0.293995 0.236326 0.294278 0.237200
0 
0 
0 
0 
0 
0 
0 
0 
0 
0 
0 
0 
0 
0 
0 
0 0.287846 0.195213 0.293752 0.201430 0.296860 0.204538 0.297482 0.207647 0.297171 0.214486 0.292509 0.221013 0.285359 0.221013 0.281318 0.213553 0.279453 0.206093 0.279764 0.199876 0.282561 0.193970 0.285670 0.191483
0 0.340379 0.240908 0.343799 0.248990 0.348772 0.251787 0.351881 0.251166 0.354057 0.247435 0.353435 0.243705 0.351570 0.239975 0.348150 0.235934 0.345042 0.235002 0.343177 0.235623 0.340379 0.236245
0 0.337271 0.230650 0.338825 0.235934 0.341623 0.237177 0.344731 0.235312 0.345975 0.232515 0.343799 0.229406 0.339758 0.227230
0 0.164128 0.546783 0.169412 0.545850 0.170656 0.550824 0.168480 0.554243 0.164750 0.554554 0.162885 0.552378 0.162263 0.547715
0 0.111284 0.521604 0.112838 0.528132 0.113149 0.533105 0.112216 0.535903 0.107864 0.535592 0.107554 0.531551 0.107243 0.525956 0.107243 0.521604 0.108797 0.519117
0 0.122474 0.515698 0.120920 0.520982 0.120920 0.524091 0.123407 0.526267 0.125894 0.525023 0.128380 0.522226 0.129002 0.517563 0.128380 0.515387 0.124650 0.513833
0 0.128380 0.530308 0.127137 0.533105 0.129313 0.535592 0.133043 0.534970 0.132422 0.531240
0 0.129002 0.524402 0.129002 0.527199 0.130556 0.528443 0.132732 0.528443 0.133043 0.525023 0.132422 0.523158
0 0.198011 0.505440 0.202984 0.506683 0.206403 0.505129 0.207958 0.502331 0.207958 0.498601 0.206093 0.496114 0.200808 0.495182 0.196145 0.494871 0.192104 0.495493 0.189929 0.497358 0.189929 0.501399 0.193037 0.504818
0 0.234691 0.353746 0.237488 0.358098 0.242151 0.359963 0.245260 0.360584 0.248679 0.358719 0.247435 0.349705 0.240286 0.345042 0.236556 0.345664 0.234691 0.350637
0 0.221946 0.341933 0.221946 0.345975 0.223811 0.347529 0.228163 0.346285 0.229406 0.343177 0.228163 0.341001 0.225676 0.340068 0.223189 0.340068
0 0.227230 0.346907 0.226609 0.349705 0.232204 0.352502 0.233758 0.352502 0.235623 0.350326 0.236245 0.347529 0.235312 0.345353 0.232826 0.343799 0.229095 0.342866
0 0.312403 0.360584 0.315822 0.360584 0.317687 0.359341 0.319552 0.356854 0.317998 0.353435 0.315822 0.352813 0.313335 0.352813 0.311159 0.354367
0 
0 
0 
0 
0 
0 
0 
0 
0 
0 
0 
0 
0 
0 
0 
0 
0 
0 
0 
0 
0 0.471557 0.128070 0.470003 0.149207 0.457880 0.156046 0.453528 0.151072 0.453217 0.139260 0.459123 0.130556 0.468138 0.124029
0 0.848306 0.463786 0.845819 0.477153 0.835250 0.484302 0.829344 0.484302 0.830588 0.473422 0.832763 0.465651 0.838048 0.460367 0.845508 0.456637 0.849549 0.459434
0 0.811004 0.666459 0.820951 0.668946 0.828101 0.672987 0.827790 0.678583 0.821884 0.681069 0.811004 0.680758 0.800746 0.675474 0.799192 0.669879
0 0.690706 0.683867 0.695679 0.689773 0.700653 0.688530 0.700342 0.683556 0.696612 0.680448 0.691016 0.679826
0 0.695058 0.676096 0.695679 0.681691 0.700031 0.682934 0.702829 0.680758 0.702207 0.677028 0.698166 0.676096
0 0.707181 0.686665 0.706559 0.682624 0.701896 0.681380 0.699720 0.682313 0.698477 0.686354 0.699409 0.688530 0.704383 0.689462 0.706870 0.687286
0 0.702829 0.695679 0.701896 0.700031 0.705626 0.701585 0.707802 0.698477 0.706870 0.695990
0 0.707802 0.704072 0.705626 0.706248 0.707181 0.709046 0.709357 0.708424 0.711843 0.705316
0 0.695679 0.694125 0.698166 0.698477 0.701896 0.695679 0.700031 0.693192 0.696923 0.691949
0 0.703761 0.691949 0.704694 0.688530 0.699720 0.688530 0.698477 0.691949 0.703761 0.692882
0 0.688530 0.803855 0.693814 0.801057 0.699099 0.801057 0.702207 0.805720 0.707181 0.811004 0.707181 0.815356 0.701585 0.817532 0.695058 0.818154 0.685732 0.817221
0 0.514454 0.852969 0.523158 0.852347 0.525334 0.857631 0.524712 0.863537 0.520050 0.864781 0.528132 0.864781 0.533105 0.869133 0.532484 0.872863 0.525645 0.876282 0.517563 0.876904 0.511657 0.874728 0.511657 0.870065 0.513522 0.866646 0.511968 0.862605 0.510724 0.857631
0 0.539322 0.823127 0.545850 0.820951 0.549891 0.818154 0.553621 0.819708 0.555797 0.823749 0.552689 0.827790 0.550202 0.831209 0.548959 0.834007 0.546783 0.836183 0.542120 0.833074 0.539633 0.826857
0 0.503264 0.812869 0.501710 0.820951 0.497979 0.820329 0.494560 0.818464 0.495804 0.814113 0.496736 0.810382 0.500155 0.808206 0.503575 0.808517
0 0.517874 0.699720 0.515076 0.703450 0.512279 0.707181 0.515698 0.709978 0.519117 0.711222 0.522847 0.708735 0.525334 0.701274 0.522537 0.698788
0 0.572583 0.758471 0.574759 0.761890 0.577557 0.760957 0.578489 0.758781 0.576313 0.755984
0 0.576313 0.767174 0.573827 0.770283 0.577557 0.772770 0.579111 0.770283 0.579111 0.767485
0 0.577557 0.799813 0.580665 0.801989 0.582530 0.798881 0.582219 0.796394 0.578178 0.796394
0 0.624806 0.265154 0.621076 0.267952 0.620765 0.271371 0.623251 0.274168 0.626671 0.273236 0.627914 0.271993 0.628847 0.268262 0.628536 0.265776 0.627603 0.263910
0 0.570407 0.766242 0.572894 0.763444 0.569475 0.760336 0.566677 0.762512 0.569164 0.766553
0 0.393534 0.692882 0.395399 0.697544 0.400373 0.698166 0.402238 0.697233 0.402238 0.693192 0.401616 0.691327 0.397886 0.687597 0.395710 0.686975 0.393534 0.687908
0 0.321728 0.682934 0.327013 0.680448 0.331365 0.681691 0.330121 0.687908 0.327324 0.690395 0.323904 0.689462 0.319242 0.686975
0 0.320174 0.697855 0.325769 0.696612 0.328567 0.694125 0.327945 0.690395 0.320796 0.688841 0.317687 0.688530 0.315200 0.690395 0.313646 0.692882 0.313646 0.695679 0.315822 0.698477 0.318309 0.698788
0 0.334162 0.692571 0.335717 0.696612 0.333851 0.698477 0.332919 0.698788 0.331986 0.700653 0.329500 0.701585 0.326391 0.700031 0.326080 0.698166 0.328567 0.695679 0.329810 0.693503 0.330121 0.692882
0 0.194902 0.710911 0.191172 0.712465 0.192726 0.716195 0.196456 0.717439 0.198011 0.714952 0.194902 0.709978 0.192726 0.711532
0 0.187753 0.707181 0.184955 0.709046 0.187442 0.712154 0.189929 0.711843 0.191172 0.709357 0.190239 0.707802 0.187753 0.707181
0 0.226609 0.653404 0.224433 0.658999 0.230650 0.662418 0.235312 0.657756 0.239975 0.656823 0.243705 0.652782 0.244016 0.649674 0.242462 0.647809 0.237488 0.649052 0.233447 0.649674 0.228163 0.650917 0.226298 0.654336
0 
0 
0 
0 
0 
0 
0 0.313957 0.691016 0.313885 0.691744 0.313673 0.692444 0.313328 0.693089 0.312865 0.693654 0.312299 0.694118 0.311654 0.694463 0.310955 0.694675 0.310227 0.694747 0.309499 0.694675 0.308799 0.694463 0.308155 0.694118 0.307589 0.693654 0.307125 0.693089 0.306781 0.692444 0.306568 0.691744 0.306497 0.691016 0.306568 0.690289 0.306781 0.689589 0.307125 0.688944 0.307589 0.688379 0.308155 0.687915 0.308799 0.687570 0.309499 0.687358 0.310227 0.687286 0.310955 0.687358 0.311654 0.687570 0.312299 0.687915 0.312865 0.688379 0.313328 0.688944 0.313673 0.689589 0.313885 0.690289
0 0.335717 0.783028 0.335591 0.783937 0.335220 0.784812 0.334616 0.785618 0.333805 0.786325 0.332815 0.786905 0.331687 0.787335 0.330462 0.787601 0.329189 0.787690 0.327915 0.787601 0.326691 0.787335 0.325562 0.786905 0.324573 0.786325 0.323761 0.785618 0.323158 0.784812 0.322786 0.783937 0.322661 0.783028 0.322786 0.782118 0.323158 0.781243 0.323761 0.780437 0.324573 0.779731 0.325562 0.779151 0.326691 0.778720 0.327915 0.778455 0.329189 0.778365 0.330462 0.778455 0.331687 0.778720 0.332815 0.779151 0.333805 0.779731 0.334616 0.780437 0.335220 0.781243 0.335591 0.782118
0 0.815356 0.574759 0.815278 0.576336 0.815048 0.577852 0.814675 0.579249 0.814172 0.580474 0.813560 0.581479 0.812861 0.582226 0.812103 0.582686 0.811315 0.582841 0.810527 0.582686 0.809768 0.582226 0.809070 0.581479 0.808457 0.580474 0.807955 0.579249 0.807581 0.577852 0.807352 0.576336 0.807274 0.574759 0.807352 0.573182 0.807581 0.571666 0.807955 0.570269 0.808457 0.569044 0.809070 0.568039 0.809768 0.567292 0.810527 0.566832 0.811315 0.566677 0.812103 0.566832 0.812861 0.567292 0.813560 0.568039 0.814172 0.569044 0.814675 0.570269 0.815048 0.571666 0.815278 0.573182
0 0.494746 0.879446 0.494862 0.878807 0.495062 0.878202 0.495338 0.877654 0.495679 0.877186 0.496074 0.876814 0.496505 0.876553 0.496958 0.876413 0.497414 0.876399 0.497855 0.876512 0.498266 0.876748 0.498630 0.877097 0.498933 0.877547 0.499164 0.878079 0.499313 0.878674 0.499375 0.879308 0.499348 0.879957 0.499232 0.880596 0.499032 0.881202 0.498756 0.881749 0.498414 0.882218 0.498020 0.882590 0.497589 0.882851 0.497136 0.882991 0.496680 0.883004 0.496238 0.882891 0.495828 0.882655 0.495464 0.882306 0.495161 0.881856 0.494930 0.881324 0.494781 0.880729 0.494719 0.880095
0 0.493628 0.872552 0.493556 0.873522 0.493344 0.874455 0.492999 0.875315 0.492535 0.876069 0.491970 0.876687 0.491325 0.877147 0.490625 0.877430 0.489897 0.877526 0.489170 0.877430 0.488470 0.877147 0.487825 0.876687 0.487260 0.876069 0.486796 0.875315 0.486451 0.874455 0.486239 0.873522 0.486167 0.872552 0.486239 0.871582 0.486451 0.870649 0.486796 0.869789 0.487260 0.869035 0.487825 0.868417 0.488470 0.867957 0.489170 0.867674 0.489897 0.867578 0.490625 0.867674 0.491325 0.867957 0.491970 0.868417 0.492535 0.869035 0.492999 0.869789 0.493344 0.870649 0.493556 0.871582
0 0.660553 0.778365 0.660494 0.779093 0.660317 0.779792 0.660029 0.780437 0.659643 0.781003 0.659172 0.781466 0.658634 0.781811 0.658051 0.782023 0.657445 0.782095 0.656838 0.782023 0.656255 0.781811 0.655718 0.781466 0.655247 0.781003 0.654860 0.780437 0.654573 0.779792 0.654396 0.779093 0.654336 0.778365 0.654396 0.777637 0.654573 0.776937 0.654860 0.776293 0.655247 0.775727 0.655718 0.775263 0.656255 0.774919 0.656838 0.774706 0.657445 0.774635 0.658051 0.774706 0.658634 0.774919 0.659172 0.775263 0.659643 0.775727 0.660029 0.776293 0.660317 0.776937 0.660494 0.777637
0 0.756606 0.149518 0.756534 0.150125 0.756322 0.150708 0.755977 0.151245 0.755513 0.151716 0.754948 0.152103 0.754303 0.152390 0.753603 0.152567 0.752875 0.152627 0.752148 0.152567 0.751448 0.152390 0.750803 0.152103 0.750238 0.151716 0.749774 0.151245 0.749429 0.150708 0.749217 0.150125 0.749145 0.149518 0.749217 0.148912 0.749429 0.148329 0.749774 0.147791 0.750238 0.147320 0.750803 0.146934 0.751448 0.146646 0.752148 0.146469 0.752875 0.146410 0.753603 0.146469 0.754303 0.146646 0.754948 0.146934 0.755513 0.147320 0.755977 0.147791 0.756322 0.148329 0.756534 0.148912
0 0.708735 0.753497 0.708657 0.754346 0.708427 0.755162 0.708054 0.755915 0.707551 0.756574 0.706939 0.757116 0.706240 0.757518 0.705482 0.757765 0.704694 0.757849 0.703905 0.757765 0.703147 0.757518 0.702449 0.757116 0.701836 0.756574 0.701334 0.755915 0.700960 0.755162 0.700730 0.754346 0.700653 0.753497 0.700730 0.752648 0.700960 0.751832 0.701334 0.751079 0.701836 0.750420 0.702449 0.749879 0.703147 0.749476 0.703905 0.749229 0.704694 0.749145 0.705482 0.749229 0.706240 0.749476 0.706939 0.749879 0.707551 0.750420 0.708054 0.751079 0.708427 0.751832 0.708657 0.752648
0 0.708424 0.761890 0.708346 0.762436 0.708116 0.762961 0.707743 0.763444 0.707240 0.763868 0.706628 0.764216 0.705929 0.764475 0.705171 0.764634 0.704383 0.764688 0.703595 0.764634 0.702837 0.764475 0.702138 0.764216 0.701526 0.763868 0.701023 0.763444 0.700650 0.762961 0.700420 0.762436 0.700342 0.761890 0.700420 0.761344 0.700650 0.760819 0.701023 0.760336 0.701526 0.759912 0.702138 0.759564 0.702837 0.759305 0.703595 0.759146 0.704383 0.759092 0.705171 0.759146 0.705929 0.759305 0.706628 0.759564 0.707240 0.759912 0.707743 0.760336 0.708116 0.760819 0.708346 0.761344
0 0.378924 0.812247 0.378847 0.813218 0.378617 0.814151 0.378243 0.815011 0.377741 0.815764 0.377129 0.816383 0.376430 0.816842 0.375672 0.817125 0.374883 0.817221 0.374095 0.817125 0.373337 0.816842 0.372638 0.816383 0.372026 0.815764 0.371523 0.815011 0.371150 0.814151 0.370920 0.813218 0.370842 0.812247 0.370920 0.811277 0.371150 0.810344 0.371523 0.809484 0.372026 0.808731 0.372638 0.808112 0.373337 0.807652 0.374095 0.807369 0.374883 0.807274 0.375672 0.807369 0.376430 0.807652 0.377129 0.808112 0.377741 0.808731 0.378243 0.809484 0.378617 0.810344 0.378847 0.811277
0 0.391669 0.805098 0.391592 0.805765 0.391362 0.806406 0.390988 0.806998 0.390486 0.807516 0.389873 0.807941 0.389175 0.808257 0.388417 0.808452 0.387628 0.808517 0.386840 0.808452 0.386082 0.808257 0.385383 0.807941 0.384771 0.807516 0.384268 0.806998 0.383895 0.806406 0.383665 0.805765 0.383587 0.805098 0.383665 0.804431 0.383895 0.803789 0.384268 0.803198 0.384771 0.802680 0.385383 0.802255 0.386082 0.801939 0.386840 0.801744 0.387628 0.801679 0.388417 0.801744 0.389175 0.801939 0.389873 0.802255 0.390486 0.802680 0.390988 0.803198 0.391362 0.803789 0.391592 0.804431
0 0.316988 0.822671 0.316836 0.821060 0.316884 0.819481 0.317131 0.817993 0.317566 0.816656 0.318173 0.815519 0.318928 0.814627 0.319803 0.814014 0.320764 0.813703 0.321774 0.813707 0.322795 0.814025 0.323786 0.814645 0.324710 0.815543 0.325531 0.816684 0.326218 0.818026 0.326745 0.819516 0.327091 0.821097 0.327242 0.822708 0.327194 0.824287 0.326948 0.825774 0.326513 0.827112 0.325906 0.828248 0.325150 0.829140 0.324275 0.829753 0.323314 0.830064 0.322304 0.830061 0.321284 0.829743 0.320293 0.829123 0.319369 0.828225 0.318547 0.827083 0.317860 0.825742 0.317333 0.824252
0 0.337582 0.837115 0.337516 0.837782 0.337321 0.838424 0.337005 0.839015 0.336580 0.839533 0.336062 0.839958 0.335471 0.840274 0.334829 0.840469 0.334162 0.840535 0.333495 0.840469 0.332854 0.840274 0.332263 0.839958 0.331744 0.839533 0.331319 0.839015 0.331003 0.838424 0.330809 0.837782 0.330743 0.837115 0.330809 0.836448 0.331003 0.835807 0.331319 0.835216 0.331744 0.834697 0.332263 0.834272 0.332854 0.833956 0.333495 0.833762 0.334162 0.833696 0.334829 0.833762 0.335471 0.833956 0.336062 0.834272 0.336580 0.834697 0.337005 0.835216 0.337321 0.835807 0.337516 0.836448
0 0.309037 0.813177 0.308565 0.815608 0.307966 0.817923 0.307262 0.820031 0.306482 0.821852 0.305654 0.823316 0.304810 0.824367 0.303984 0.824963 0.303206 0.825083 0.302507 0.824722 0.301914 0.823893 0.301449 0.822629 0.301130 0.820978 0.300970 0.819003 0.300974 0.816780 0.301143 0.814395 0.301469 0.811940 0.301941 0.809508 0.302541 0.807194 0.303244 0.805085 0.304025 0.803264 0.304853 0.801800 0.305696 0.800750 0.306523 0.800153 0.307300 0.800033 0.307999 0.800394 0.308593 0.801223 0.309058 0.802488 0.309377 0.804139 0.309537 0.806114 0.309533 0.808336 0.309364 0.810721
0 0.310227 0.828412 0.310161 0.829261 0.309967 0.830077 0.309651 0.830829 0.309225 0.831489 0.308707 0.832030 0.308116 0.832432 0.307475 0.832680 0.306808 0.832763 0.306141 0.832680 0.305499 0.832432 0.304908 0.832030 0.304390 0.831489 0.303965 0.830829 0.303649 0.830077 0.303454 0.829261 0.303388 0.828412 0.303454 0.827563 0.303649 0.826746 0.303965 0.825994 0.304390 0.825334 0.304908 0.824793 0.305499 0.824391 0.306141 0.824143 0.306808 0.824060 0.307475 0.824143 0.308116 0.824391 0.308707 0.824793 0.309225 0.825334 0.309651 0.825994 0.309967 0.826746 0.310161 0.827563
0 0.414050 0.680137 0.413991 0.680864 0.413814 0.681564 0.413526 0.682209 0.413140 0.682774 0.412669 0.683238 0.412131 0.683583 0.411548 0.683795 0.410942 0.683867 0.410335 0.683795 0.409752 0.683583 0.409215 0.683238 0.408744 0.682774 0.408357 0.682209 0.408070 0.681564 0.407893 0.680864 0.407833 0.680137 0.407893 0.679409 0.408070 0.678709 0.408357 0.678064 0.408744 0.677499 0.409215 0.677035 0.409752 0.676691 0.410335 0.676478 0.410942 0.676407 0.411548 0.676478 0.412131 0.676691 0.412669 0.677035 0.413140 0.677499 0.413526 0.678064 0.413814 0.678709 0.413991 0.679409
0 0.815045 0.620765 0.814950 0.621492 0.814666 0.622192 0.814207 0.622837 0.813588 0.623402 0.812835 0.623866 0.811975 0.624211 0.811042 0.624423 0.810071 0.624495 0.809101 0.624423 0.808168 0.624211 0.807308 0.623866 0.806555 0.623402 0.805936 0.622837 0.805477 0.622192 0.805193 0.621492 0.805098 0.620765 0.805193 0.620037 0.805477 0.619337 0.805936 0.618692 0.806555 0.618127 0.807308 0.617663 0.808168 0.617318 0.809101 0.617106 0.810071 0.617035 0.811042 0.617106 0.811975 0.617318 0.812835 0.617663 0.813588 0.618127 0.814207 0.618692 0.814666 0.619337 0.814950 0.620037
0 0.834007 0.452596 0.833959 0.453202 0.833818 0.453785 0.833588 0.454323 0.833278 0.454794 0.832902 0.455180 0.832472 0.455467 0.832005 0.455644 0.831520 0.455704 0.831035 0.455644 0.830568 0.455467 0.830138 0.455180 0.829762 0.454794 0.829452 0.454323 0.829223 0.453785 0.829081 0.453202 0.829033 0.452596 0.829081 0.451989 0.829223 0.451406 0.829452 0.450869 0.829762 0.450398 0.830138 0.450011 0.830568 0.449724 0.831035 0.449547 0.831520 0.449487 0.832005 0.449547 0.832472 0.449724 0.832902 0.450011 0.833278 0.450398 0.833588 0.450869 0.833818 0.451406 0.833959 0.451989
0 0.767485 0.493628 0.767408 0.494173 0.767178 0.494698 0.766804 0.495182 0.766302 0.495606 0.765689 0.495954 0.764991 0.496212 0.764233 0.496371 0.763444 0.496425 0.762656 0.496371 0.761898 0.496212 0.761199 0.495954 0.760587 0.495606 0.760084 0.495182 0.759711 0.494698 0.759481 0.494173 0.759403 0.493628 0.759481 0.493082 0.759711 0.492557 0.760084 0.492073 0.760587 0.491649 0.761199 0.491301 0.761898 0.491043 0.762656 0.490884 0.763444 0.490830 0.764233 0.490884 0.764991 0.491043 0.765689 0.491301 0.766302 0.491649 0.766804 0.492073 0.767178 0.492557 0.767408 0.493082
0 0.694125 0.691327 0.694071 0.691873 0.693912 0.692398 0.693653 0.692882 0.693306 0.693306 0.692882 0.693653 0.692398 0.693912 0.691873 0.694071 0.691327 0.694125 0.690782 0.694071 0.690257 0.693912 0.689773 0.693653 0.689349 0.693306 0.689001 0.692882 0.688743 0.692398 0.688583 0.691873 0.688530 0.691327 0.688583 0.690782 0.688743 0.690257 0.689001 0.689773 0.689349 0.689349 0.689773 0.689001 0.690257 0.688743 0.690782 0.688583 0.691327 0.688530 0.691873 0.688583 0.692398 0.688743 0.692882 0.689001 0.693306 0.689349 0.693653 0.689773 0.693912 0.690257 0.694071 0.690782
0 0.614237 0.843332 0.614183 0.843878 0.614024 0.844403 0.613765 0.844887 0.613417 0.845311 0.612994 0.845658 0.612510 0.845917 0.611985 0.846076 0.611439 0.846130 0.610893 0.846076 0.610369 0.845917 0.609885 0.845658 0.609461 0.845311 0.609113 0.844887 0.608855 0.844403 0.608695 0.843878 0.608642 0.843332 0.608695 0.842787 0.608855 0.842262 0.609113 0.841778 0.609461 0.841354 0.609885 0.841006 0.610369 0.840748 0.610893 0.840588 0.611439 0.840535 0.611985 0.840588 0.612510 0.840748 0.612994 0.841006 0.613417 0.841354 0.613765 0.841778 0.614024 0.842262 0.614183 0.842787
0 0.620765 0.859807 0.620711 0.860414 0.620552 0.860997 0.620293 0.861534 0.619945 0.862005 0.619521 0.862392 0.619038 0.862679 0.618513 0.862856 0.617967 0.862916 0.617421 0.862856 0.616896 0.862679 0.616413 0.862392 0.615989 0.862005 0.615641 0.861534 0.615382 0.860997 0.615223 0.860414 0.615169 0.859807 0.615223 0.859201 0.615382 0.858618 0.615641 0.858080 0.615989 0.857609 0.616413 0.857223 0.616896 0.856935 0.617421 0.856759 0.617967 0.856699 0.618513 0.856759 0.619038 0.856935 0.619521 0.857223 0.619945 0.857609 0.620293 0.858080 0.620552 0.858618 0.620711 0.859201
0 0.330432 0.832453 0.330360 0.833180 0.330148 0.833880 0.329803 0.834525 0.329340 0.835090 0.328774 0.835554 0.328129 0.835899 0.327430 0.836111 0.326702 0.836183 0.325974 0.836111 0.325274 0.835899 0.324630 0.835554 0.324064 0.835090 0.323600 0.834525 0.323256 0.833880 0.323043 0.833180 0.322972 0.832453 0.323043 0.831725 0.323256 0.831025 0.323600 0.830380 0.324064 0.829815 0.324630 0.829351 0.325274 0.829006 0.325974 0.828794 0.326702 0.828722 0.327430 0.828794 0.328129 0.829006 0.328774 0.829351 0.329340 0.829815 0.329803 0.830380 0.330148 0.831025 0.330360 0.831725
0 0.154779 0.360047 0.155760 0.362076 0.156573 0.364096 0.157186 0.366029 0.157577 0.367800 0.157729 0.369342 0.157638 0.370595 0.157306 0.371511 0.156747 0.372055 0.155981 0.372206 0.155039 0.371958 0.153956 0.371321 0.152775 0.370319 0.151540 0.368990 0.150299 0.367387 0.149099 0.365570 0.147988 0.363609 0.147006 0.361579 0.146194 0.359559 0.145580 0.357627 0.145190 0.355855 0.145037 0.354313 0.145129 0.353061 0.145460 0.352144 0.146020 0.351601 0.146785 0.351450 0.147728 0.351698 0.148810 0.352335 0.149992 0.353337 0.151227 0.354665 0.152468 0.356269 0.153667 0.358086
0 0.161520 0.373627 0.160598 0.372893 0.159765 0.372116 0.159052 0.371326 0.158486 0.370553 0.158088 0.369827 0.157876 0.369177 0.157855 0.368625 0.158028 0.368195 0.158388 0.367903 0.158920 0.367759 0.159605 0.367770 0.160416 0.367934 0.161322 0.368246 0.162287 0.368694 0.163276 0.369260 0.164250 0.369923 0.165171 0.370657 0.166004 0.371434 0.166718 0.372224 0.167284 0.372997 0.167681 0.373722 0.167894 0.374373 0.167914 0.374924 0.167741 0.375355 0.167381 0.375647 0.166849 0.375791 0.166164 0.375780 0.165353 0.375616 0.164448 0.375303 0.163482 0.374856 0.162493 0.374290
0 0.306042 0.674397 0.304926 0.675481 0.303715 0.676398 0.302455 0.677111 0.301196 0.677595 0.299985 0.677830 0.298869 0.677807 0.297890 0.677527 0.297087 0.677001 0.296491 0.676250 0.296124 0.675301 0.296000 0.674191 0.296124 0.672964 0.296491 0.671666 0.297088 0.670347 0.297891 0.669057 0.298869 0.667847 0.299985 0.666763 0.301197 0.665847 0.302456 0.665133 0.303716 0.664649 0.304927 0.664414 0.306043 0.664437 0.307021 0.664717 0.307824 0.665243 0.308421 0.665995 0.308788 0.666944 0.308912 0.668053 0.308788 0.669281 0.308420 0.670579 0.307824 0.671898 0.307021 0.673187
0 0.308984 0.685421 0.308900 0.686270 0.308652 0.687087 0.308250 0.687839 0.307709 0.688498 0.307049 0.689040 0.306297 0.689442 0.305481 0.689689 0.304632 0.689773 0.303783 0.689689 0.302966 0.689442 0.302214 0.689040 0.301554 0.688498 0.301013 0.687839 0.300611 0.687087 0.300363 0.686270 0.300280 0.685421 0.300363 0.684572 0.300611 0.683756 0.301013 0.683003 0.301554 0.682344 0.302214 0.681803 0.302966 0.681401 0.303783 0.681153 0.304632 0.681069 0.305481 0.681153 0.306297 0.681401 0.307049 0.681803 0.307709 0.682344 0.308250 0.683003 0.308652 0.683756 0.308900 0.684572
0 0.315139 0.669510 0.315004 0.670352 0.314697 0.671152 0.314231 0.671878 0.313623 0.672504 0.312896 0.673006 0.312078 0.673363 0.311201 0.673562 0.310299 0.673596 0.309406 0.673463 0.308556 0.673169 0.307783 0.672724 0.307115 0.672146 0.306579 0.671457 0.306195 0.670684 0.305978 0.669855 0.305936 0.669004 0.306071 0.668162 0.306378 0.667363 0.306845 0.666636 0.307453 0.666010 0.308180 0.665509 0.308998 0.665151 0.309874 0.664952 0.310777 0.664918 0.311670 0.665051 0.312519 0.665345 0.313293 0.665790 0.313960 0.666368 0.314496 0.667057 0.314880 0.667831 0.315097 0.668659
0 0.313025 0.675474 0.312929 0.676444 0.312646 0.677377 0.312186 0.678237 0.311568 0.678991 0.310814 0.679609 0.309954 0.680069 0.309021 0.680352 0.308051 0.680448 0.307081 0.680352 0.306148 0.680069 0.305288 0.679609 0.304534 0.678991 0.303916 0.678237 0.303456 0.677377 0.303173 0.676444 0.303077 0.675474 0.303173 0.674504 0.303456 0.673571 0.303916 0.672711 0.304534 0.671957 0.305288 0.671339 0.306148 0.670879 0.307081 0.670596 0.308051 0.670500 0.309021 0.670596 0.309954 0.670879 0.310814 0.671339 0.311568 0.671957 0.312186 0.672711 0.312646 0.673571 0.312929 0.674504
0 0.326391 0.667081 0.326337 0.667506 0.326178 0.667914 0.325920 0.668290 0.325572 0.668620 0.325148 0.668890 0.324664 0.669091 0.324139 0.669215 0.323593 0.669257 0.323048 0.669215 0.322523 0.669091 0.322039 0.668890 0.321615 0.668620 0.321267 0.668290 0.321009 0.667914 0.320850 0.667506 0.320796 0.667081 0.320850 0.666657 0.321009 0.666248 0.321267 0.665872 0.321615 0.665543 0.322039 0.665272 0.322523 0.665071 0.323048 0.664947 0.323593 0.664905 0.324139 0.664947 0.324664 0.665071 0.325148 0.665272 0.325572 0.665543 0.325920 0.665872 0.326178 0.666248 0.326337 0.666657
0 0.320485 0.673298 0.320431 0.673723 0.320272 0.674131 0.320013 0.674507 0.319666 0.674837 0.319242 0.675107 0.318758 0.675308 0.318233 0.675432 0.317687 0.675474 0.317141 0.675432 0.316617 0.675308 0.316133 0.675107 0.315709 0.674837 0.315361 0.674507 0.315103 0.674131 0.314943 0.673723 0.314890 0.673298 0.314943 0.672874 0.315103 0.672465 0.315361 0.672089 0.315709 0.671759 0.316133 0.671489 0.316617 0.671288 0.317141 0.671164 0.317687 0.671122 0.318233 0.671164 0.318758 0.671288 0.319242 0.671489 0.319666 0.671759 0.320013 0.672089 0.320272 0.672465 0.320431 0.672874
0 0.340379 0.673609 0.340325 0.674033 0.340166 0.674442 0.339908 0.674818 0.339560 0.675148 0.339136 0.675418 0.338652 0.675619 0.338127 0.675743 0.337582 0.675785 0.337036 0.675743 0.336511 0.675619 0.336027 0.675418 0.335603 0.675148 0.335255 0.674818 0.334997 0.674442 0.334838 0.674033 0.334784 0.673609 0.334838 0.673184 0.334997 0.672776 0.335255 0.672400 0.335603 0.672070 0.336027 0.671800 0.336511 0.671599 0.337036 0.671475 0.337582 0.671433 0.338127 0.671475 0.338652 0.671599 0.339136 0.671800 0.339560 0.672070 0.339908 0.672400 0.340166 0.672776 0.340325 0.673184
0 0.337892 0.681380 0.337821 0.681987 0.337609 0.682570 0.337264 0.683107 0.336800 0.683578 0.336235 0.683965 0.335590 0.684252 0.334890 0.684429 0.334162 0.684489 0.333435 0.684429 0.332735 0.684252 0.332090 0.683965 0.331525 0.683578 0.331061 0.683107 0.330716 0.682570 0.330504 0.681987 0.330432 0.681380 0.330504 0.680774 0.330716 0.680191 0.331061 0.679653 0.331525 0.679182 0.332090 0.678796 0.332735 0.678508 0.333435 0.678331 0.334162 0.678272 0.334890 0.678331 0.335590 0.678508 0.336235 0.678796 0.336800 0.679182 0.337264 0.679653 0.337609 0.680191 0.337821 0.680774
0 0.335717 0.690084 0.335633 0.690751 0.335385 0.691392 0.334983 0.691984 0.334442 0.692502 0.333782 0.692927 0.333030 0.693243 0.332214 0.693438 0.331365 0.693503 0.330516 0.693438 0.329699 0.693243 0.328947 0.692927 0.328287 0.692502 0.327746 0.691984 0.327344 0.691392 0.327096 0.690751 0.327013 0.690084 0.327096 0.689417 0.327344 0.688775 0.327746 0.688184 0.328287 0.687666 0.328947 0.687241 0.329699 0.686925 0.330516 0.686730 0.331365 0.686665 0.332214 0.686730 0.333030 0.686925 0.333782 0.687241 0.334442 0.687666 0.334983 0.688184 0.335385 0.688775 0.335633 0.689417
0 0.343799 0.697233 0.343757 0.697658 0.343633 0.698066 0.343432 0.698442 0.343161 0.698772 0.342832 0.699043 0.342455 0.699244 0.342047 0.699368 0.341623 0.699409 0.341198 0.699368 0.340790 0.699244 0.340414 0.699043 0.340084 0.698772 0.339813 0.698442 0.339612 0.698066 0.339488 0.697658 0.339447 0.697233 0.339488 0.696809 0.339612 0.696401 0.339813 0.696025 0.340084 0.695695 0.340414 0.695424 0.340790 0.695223 0.341198 0.695099 0.341623 0.695058 0.342047 0.695099 0.342455 0.695223 0.342832 0.695424 0.343161 0.695695 0.343432 0.696025 0.343633 0.696401 0.343757 0.696809
0 0.354989 0.698477 0.354929 0.698962 0.354753 0.699428 0.354465 0.699858 0.354079 0.700235 0.353608 0.700545 0.353070 0.700774 0.352487 0.700916 0.351881 0.700964 0.351274 0.700916 0.350691 0.700774 0.350154 0.700545 0.349683 0.700235 0.349296 0.699858 0.349009 0.699428 0.348832 0.698962 0.348772 0.698477 0.348832 0.697992 0.349009 0.697525 0.349296 0.697095 0.349683 0.696718 0.350154 0.696409 0.350691 0.696179 0.351274 0.696038 0.351881 0.695990 0.352487 0.696038 0.353070 0.696179 0.353608 0.696409 0.354079 0.696718 0.354465 0.697095 0.354753 0.697525 0.354929 0.697992
0 0.325148 0.705626 0.325082 0.706354 0.324887 0.707054 0.324571 0.707699 0.324146 0.708264 0.323628 0.708728 0.323037 0.709073 0.322395 0.709285 0.321728 0.709357 0.321061 0.709285 0.320420 0.709073 0.319829 0.708728 0.319310 0.708264 0.318885 0.707699 0.318569 0.707054 0.318375 0.706354 0.318309 0.705626 0.318375 0.704899 0.318569 0.704199 0.318885 0.703554 0.319310 0.702989 0.319829 0.702525 0.320420 0.702180 0.321061 0.701968 0.321728 0.701896 0.322395 0.701968 0.323037 0.702180 0.323628 0.702525 0.324146 0.702989 0.324571 0.703554 0.324887 0.704199 0.325082 0.704899
0 0.322972 0.680137 0.322918 0.680622 0.322759 0.681088 0.322500 0.681518 0.322152 0.681895 0.321728 0.682204 0.321245 0.682434 0.320720 0.682576 0.320174 0.682624 0.319628 0.682576 0.319103 0.682434 0.318620 0.682204 0.318196 0.681895 0.317848 0.681518 0.317589 0.681088 0.317430 0.680622 0.317376 0.680137 0.317430 0.679652 0.317589 0.679185 0.317848 0.678755 0.318196 0.678378 0.318620 0.678069 0.319103 0.677839 0.319628 0.677698 0.320174 0.677650 0.320720 0.677698 0.321245 0.677839 0.321728 0.678069 0.322152 0.678378 0.322500 0.678755 0.322759 0.679185 0.322918 0.679652
0 0.328567 0.677961 0.328525 0.678385 0.328401 0.678794 0.328200 0.679170 0.327930 0.679499 0.327600 0.679770 0.327224 0.679971 0.326816 0.680095 0.326391 0.680137 0.325967 0.680095 0.325558 0.679971 0.325182 0.679770 0.324852 0.679499 0.324582 0.679170 0.324381 0.678794 0.324257 0.678385 0.324215 0.677961 0.324257 0.677536 0.324381 0.677128 0.324582 0.676752 0.324852 0.676422 0.325182 0.676152 0.325558 0.675951 0.325967 0.675827 0.326391 0.675785 0.326816 0.675827 0.327224 0.675951 0.327600 0.676152 0.327930 0.676422 0.328200 0.676752 0.328401 0.677128 0.328525 0.677536
0 0.313957 0.685732 0.313891 0.686278 0.313697 0.686803 0.313381 0.687286 0.312956 0.687710 0.312437 0.688058 0.311846 0.688317 0.311205 0.688476 0.310538 0.688530 0.309871 0.688476 0.309229 0.688317 0.308638 0.688058 0.308120 0.687710 0.307695 0.687286 0.307379 0.686803 0.307184 0.686278 0.307118 0.685732 0.307184 0.685186 0.307379 0.684661 0.307695 0.684178 0.308120 0.683754 0.308638 0.683406 0.309229 0.683147 0.309871 0.682988 0.310538 0.682934 0.311205 0.682988 0.311846 0.683147 0.312437 0.683406 0.312956 0.683754 0.313381 0.684178 0.313697 0.684661 0.313891 0.685186
0 0.241219 0.547715 0.241165 0.548261 0.241006 0.548786 0.240747 0.549270 0.240399 0.549693 0.239975 0.550041 0.239491 0.550300 0.238967 0.550459 0.238421 0.550513 0.237875 0.550459 0.237350 0.550300 0.236867 0.550041 0.236443 0.549693 0.236095 0.549270 0.235836 0.548786 0.235677 0.548261 0.235623 0.547715 0.235677 0.547169 0.235836 0.546645 0.236095 0.546161 0.236443 0.545737 0.236867 0.545389 0.237350 0.545131 0.237875 0.544971 0.238421 0.544918 0.238967 0.544971 0.239491 0.545131 0.239975 0.545389 0.240399 0.545737 0.240747 0.546161 0.241006 0.546645 0.241165 0.547169
0 0.266708 0.372397 0.266654 0.373003 0.266495 0.373586 0.266237 0.374124 0.265889 0.374595 0.265465 0.374981 0.264981 0.375269 0.264456 0.375445 0.263910 0.375505 0.263365 0.375445 0.262840 0.375269 0.262356 0.374981 0.261932 0.374595 0.261584 0.374124 0.261326 0.373586 0.261167 0.373003 0.261113 0.372397 0.261167 0.371790 0.261326 0.371207 0.261584 0.370670 0.261932 0.370199 0.262356 0.369812 0.262840 0.369525 0.263365 0.369348 0.263910 0.369288 0.264456 0.369348 0.264981 0.369525 0.265465 0.369812 0.265889 0.370199 0.266237 0.370670 0.266495 0.371207 0.266654 0.371790
0 0.260802 0.369910 0.260730 0.370577 0.260518 0.371218 0.260173 0.371810 0.259709 0.372328 0.259144 0.372753 0.258499 0.373069 0.257800 0.373263 0.257072 0.373329 0.256344 0.373263 0.255644 0.373069 0.254999 0.372753 0.254434 0.372328 0.253970 0.371810 0.253626 0.371218 0.253413 0.370577 0.253342 0.369910 0.253413 0.369243 0.253626 0.368601 0.253970 0.368010 0.254434 0.367492 0.254999 0.367067 0.255644 0.366751 0.256344 0.366556 0.257072 0.366491 0.257800 0.366556 0.258499 0.366751 0.259144 0.367067 0.259709 0.367492 0.260173 0.368010 0.260518 0.368601 0.260730 0.369243
0 0.496114 0.237488 0.496025 0.238337 0.495759 0.239154 0.495329 0.239906 0.494749 0.240566 0.494042 0.241107 0.493236 0.241509 0.492361 0.241757 0.491452 0.241840 0.490542 0.241757 0.489667 0.241509 0.488861 0.241107 0.488155 0.240566 0.487575 0.239906 0.487144 0.239154 0.486879 0.238337 0.486789 0.237488 0.486879 0.236639 0.487144 0.235823 0.487575 0.235071 0.488155 0.234411 0.488861 0.233870 0.489667 0.233468 0.490542 0.233220 0.491452 0.233136 0.492361 0.233220 0.493236 0.233468 0.494042 0.233870 0.494749 0.234411 0.495329 0.235071 0.495759 0.235823 0.496025 0.236639
