0 0.310538 0.407523 0.310377 0.409039 0.309899 0.410496 0.309123 0.411840 0.308080 0.413018 0.306808 0.413984 0.305357 0.414702 0.303782 0.415144 0.302145 0.415294 0.300507 0.415144 0.298933 0.414702 0.297482 0.413984 0.296210 0.413018 0.295166 0.411840 0.294391 0.410496 0.293913 0.409039 0.293752 0.407523 0.293913 0.406006 0.294391 0.404549 0.295166 0.403205 0.296210 0.402027 0.297482 0.401061 0.298933 0.400343 0.300507 0.399901 0.302145 0.399751 0.303782 0.399901 0.305357 0.400343 0.306808 0.401061 0.308080 0.402027 0.309123 0.403205 0.309899 0.404549 0.310377 0.406006
0 0.298726 0.365558 0.298618 0.366892 0.298300 0.368175 0.297783 0.369357 0.297087 0.370394 0.296239 0.371244 0.295271 0.371876 0.294222 0.372265 0.293130 0.372397 0.292039 0.372265 0.290989 0.371876 0.290022 0.371244 0.289174 0.370394 0.288478 0.369357 0.287961 0.368175 0.287642 0.366892 0.287535 0.365558 0.287642 0.364224 0.287961 0.362941 0.288478 0.361759 0.289174 0.360722 0.290022 0.359872 0.290989 0.359240 0.292039 0.358851 0.293130 0.358719 0.294222 0.358851 0.295271 0.359240 0.296239 0.359872 0.297087 0.360722 0.297783 0.361759 0.298300 0.362941 0.298618 0.364224
0 0.302145 0.358719 0.302055 0.359568 0.301790 0.360385 0.301359 0.361137 0.300779 0.361797 0.300073 0.362338 0.299266 0.362740 0.298392 0.362988 0.297482 0.363071 0.296572 0.362988 0.295698 0.362740 0.294892 0.362338 0.294185 0.361797 0.293605 0.361137 0.293174 0.360385 0.292909 0.359568 0.292819 0.358719 0.292909 0.357870 0.293174 0.357054 0.293605 0.356302 0.294185 0.355642 0.294892 0.355101 0.295698 0.354699 0.296572 0.354451 0.297482 0.354367 0.298392 0.354451 0.299266 0.354699 0.300073 0.355101 0.300779 0.355642 0.301359 0.356302 0.301790 0.357054 0.302055 0.357870
0 0.322972 0.351570 0.322906 0.352176 0.322711 0.352759 0.322395 0.353297 0.321970 0.353768 0.321452 0.354154 0.320861 0.354442 0.320219 0.354619 0.319552 0.354678 0.318885 0.354619 0.318244 0.354442 0.317653 0.354154 0.317135 0.353768 0.316709 0.353297 0.316393 0.352759 0.316199 0.352176 0.316133 0.351570 0.316199 0.350963 0.316393 0.350380 0.316709 0.349843 0.317135 0.349372 0.317653 0.348985 0.318244 0.348698 0.318885 0.348521 0.319552 0.348461 0.320219 0.348521 0.320861 0.348698 0.321452 0.348985 0.321970 0.349372 0.322395 0.349843 0.322711 0.350380 0.322906 0.350963
0 0.328567 0.351259 0.328501 0.351926 0.328307 0.352567 0.327991 0.353159 0.327565 0.353677 0.327047 0.354102 0.326456 0.354418 0.325815 0.354613 0.325148 0.354678 0.324481 0.354613 0.323839 0.354418 0.323248 0.354102 0.322730 0.353677 0.322305 0.353159 0.321989 0.352567 0.321794 0.351926 0.321728 0.351259 0.321794 0.350592 0.321989 0.349950 0.322305 0.349359 0.322730 0.348841 0.323248 0.348416 0.323839 0.348100 0.324481 0.347905 0.325148 0.347840 0.325815 0.347905 0.326456 0.348100 0.327047 0.348416 0.327565 0.348841 0.327991 0.349359 0.328307 0.349950 0.328501 0.350592
0 0.220587 0.348000 0.222095 0.349381 0.223430 0.350847 0.224540 0.352340 0.225384 0.353803 0.225928 0.355181 0.226152 0.356420 0.226047 0.357472 0.225617 0.358298 0.224879 0.358865 0.223861 0.359152 0.222602 0.359147 0.221151 0.358851 0.219563 0.358276 0.217899 0.357442 0.216224 0.356383 0.214601 0.355139 0.213093 0.353758 0.211758 0.352293 0.210648 0.350800 0.209804 0.349336 0.209260 0.347959 0.209036 0.346720 0.209141 0.345668 0.209571 0.344842 0.210309 0.344275 0.211327 0.343988 0.212586 0.343993 0.214037 0.344288 0.215625 0.344864 0.217289 0.345697 0.218964 0.346756
0 0.186820 0.387628 0.186724 0.388538 0.186441 0.389413 0.185982 0.390219 0.185363 0.390925 0.184610 0.391505 0.183750 0.391936 0.182817 0.392201 0.181846 0.392291 0.180876 0.392201 0.179943 0.391936 0.179083 0.391505 0.178330 0.390925 0.177711 0.390219 0.177251 0.389413 0.176968 0.388538 0.176873 0.387628 0.176968 0.386719 0.177251 0.385844 0.177711 0.385038 0.178330 0.384331 0.179083 0.383751 0.179943 0.383320 0.180876 0.383055 0.181846 0.382965 0.182817 0.383055 0.183750 0.383320 0.184610 0.383751 0.185363 0.384331 0.185982 0.385038 0.186441 0.385844 0.186724 0.386719
0 0.192415 0.403171 0.192344 0.404080 0.192131 0.404955 0.191787 0.405761 0.191323 0.406468 0.190757 0.407048 0.190113 0.407478 0.189413 0.407744 0.188685 0.407833 0.187957 0.407744 0.187258 0.407478 0.186613 0.407048 0.186047 0.406468 0.185584 0.405761 0.185239 0.404955 0.185027 0.404080 0.184955 0.403171 0.185027 0.402261 0.185239 0.401386 0.185584 0.400580 0.186047 0.399874 0.186613 0.399294 0.187258 0.398863 0.187957 0.398598 0.188685 0.398508 0.189413 0.398598 0.190113 0.398863 0.190757 0.399294 0.191323 0.399874 0.191787 0.400580 0.192131 0.401386 0.192344 0.402261
0 0.285981 0.247435 0.285867 0.248406 0.285531 0.249339 0.284985 0.250199 0.284251 0.250952 0.283356 0.251571 0.282335 0.252030 0.281227 0.252314 0.280075 0.252409 0.278922 0.252314 0.277814 0.252030 0.276793 0.251571 0.275898 0.250952 0.275164 0.250199 0.274618 0.249339 0.274282 0.248406 0.274168 0.247435 0.274282 0.246465 0.274618 0.245532 0.275164 0.244672 0.275898 0.243919 0.276793 0.243300 0.277814 0.242841 0.278922 0.242557 0.280075 0.242462 0.281227 0.242557 0.282335 0.242841 0.283356 0.243300 0.284251 0.243919 0.284985 0.244672 0.285531 0.245532 0.285867 0.246465
0 0.294995 0.204849 0.294924 0.205577 0.294711 0.206277 0.294367 0.206922 0.293903 0.207487 0.293338 0.207951 0.292693 0.208295 0.291993 0.208508 0.291265 0.208579 0.290537 0.208508 0.289838 0.208295 0.289193 0.207951 0.288628 0.207487 0.288164 0.206922 0.287819 0.206277 0.287607 0.205577 0.287535 0.204849 0.287607 0.204122 0.287819 0.203422 0.288164 0.202777 0.288628 0.202212 0.289193 0.201748 0.289838 0.201403 0.290537 0.201191 0.291265 0.201119 0.291993 0.201191 0.292693 0.201403 0.293338 0.201748 0.293903 0.202212 0.294367 0.202777 0.294711 0.203422 0.294924 0.204122
0 0.285048 0.204849 0.284994 0.205274 0.284835 0.205682 0.284577 0.206058 0.284229 0.206388 0.283805 0.206658 0.283321 0.206860 0.282796 0.206983 0.282251 0.207025 0.281705 0.206983 0.281180 0.206860 0.280696 0.206658 0.280272 0.206388 0.279924 0.206058 0.279666 0.205682 0.279507 0.205274 0.279453 0.204849 0.279507 0.204425 0.279666 0.204017 0.279924 0.203640 0.280272 0.203311 0.280696 0.203040 0.281180 0.202839 0.281705 0.202715 0.282251 0.202673 0.282796 0.202715 0.283321 0.202839 0.283805 0.203040 0.284229 0.203311 0.284577 0.203640 0.284835 0.204017 0.284994 0.204425
0 0.300591 0.215729 0.300519 0.216457 0.300307 0.217156 0.299962 0.217801 0.299498 0.218367 0.298933 0.218830 0.298288 0.219175 0.297588 0.219387 0.296860 0.219459 0.296133 0.219387 0.295433 0.219175 0.294788 0.218830 0.294223 0.218367 0.293759 0.217801 0.293414 0.217156 0.293202 0.216457 0.293130 0.215729 0.293202 0.215001 0.293414 0.214301 0.293759 0.213657 0.294223 0.213091 0.294788 0.212627 0.295433 0.212283 0.296133 0.212070 0.296860 0.211999 0.297588 0.212070 0.298288 0.212283 0.298933 0.212627 0.299498 0.213091 0.299962 0.213657 0.300307 0.214301 0.300519 0.215001
0 0.285359 0.196456 0.285287 0.196881 0.285075 0.197289 0.284730 0.197665 0.284266 0.197995 0.283701 0.198266 0.283056 0.198467 0.282357 0.198590 0.281629 0.198632 0.280901 0.198590 0.280201 0.198467 0.279556 0.198266 0.278991 0.197995 0.278527 0.197665 0.278183 0.197289 0.277970 0.196881 0.277899 0.196456 0.277970 0.196032 0.278183 0.195624 0.278527 0.195247 0.278991 0.194918 0.279556 0.194647 0.280201 0.194446 0.280901 0.194322 0.281629 0.194280 0.282357 0.194322 0.283056 0.194446 0.283701 0.194647 0.284266 0.194918 0.284730 0.195247 0.285075 0.195624 0.285287 0.196032
0 0.322972 0.307118 0.322870 0.308149 0.322569 0.309141 0.322081 0.310054 0.321424 0.310855 0.320623 0.311512 0.319710 0.312001 0.318718 0.312301 0.317687 0.312403 0.316656 0.312301 0.315665 0.312001 0.314751 0.311512 0.313951 0.310855 0.313293 0.310054 0.312805 0.309141 0.312504 0.308149 0.312403 0.307118 0.312504 0.306087 0.312805 0.305096 0.313293 0.304183 0.313951 0.303382 0.314751 0.302725 0.315665 0.302236 0.316656 0.301936 0.317687 0.301834 0.318718 0.301936 0.319710 0.302236 0.320623 0.302725 0.321424 0.303382 0.322081 0.304183 0.322569 0.305096 0.322870 0.306087
0 0.328567 0.317066 0.328448 0.318521 0.328094 0.319921 0.327519 0.321210 0.326746 0.322341 0.325804 0.323269 0.324729 0.323958 0.323563 0.324383 0.322350 0.324526 0.321137 0.324383 0.319971 0.323958 0.318896 0.323269 0.317954 0.322341 0.317181 0.321210 0.316606 0.319921 0.316253 0.318521 0.316133 0.317066 0.316253 0.315610 0.316606 0.314211 0.317181 0.312921 0.317954 0.311790 0.318896 0.310863 0.319971 0.310173 0.321137 0.309749 0.322350 0.309605 0.323563 0.309749 0.324729 0.310173 0.325804 0.310863 0.326746 0.311790 0.327519 0.312921 0.328094 0.314211 0.328448 0.315610
0 0.314890 0.326702 0.314818 0.327490 0.314606 0.328248 0.314261 0.328947 0.313797 0.329559 0.313232 0.330062 0.312587 0.330435 0.311887 0.330665 0.311159 0.330743 0.310432 0.330665 0.309732 0.330435 0.309087 0.330062 0.308522 0.329559 0.308058 0.328947 0.307713 0.328248 0.307501 0.327490 0.307429 0.326702 0.307501 0.325914 0.307713 0.325155 0.308058 0.324457 0.308522 0.323844 0.309087 0.323342 0.309732 0.322968 0.310432 0.322739 0.311159 0.322661 0.311887 0.322739 0.312587 0.322968 0.313232 0.323342 0.313797 0.323844 0.314261 0.324457 0.314606 0.325155 0.314818 0.325914
0 0.322350 0.339447 0.322248 0.340660 0.321948 0.341826 0.321459 0.342901 0.320802 0.343843 0.320001 0.344616 0.319088 0.345190 0.318097 0.345544 0.317066 0.345664 0.316035 0.345544 0.315043 0.345190 0.314130 0.344616 0.313329 0.343843 0.312672 0.342901 0.312183 0.341826 0.311883 0.340660 0.311781 0.339447 0.311883 0.338234 0.312183 0.337068 0.312672 0.335993 0.313329 0.335051 0.314130 0.334277 0.315043 0.333703 0.316035 0.333349 0.317066 0.333230 0.318097 0.333349 0.319088 0.333703 0.320001 0.334277 0.320802 0.335051 0.321459 0.335993 0.321948 0.337068 0.322248 0.338234
0 0.304321 0.322039 0.304225 0.322767 0.303942 0.323467 0.303483 0.324112 0.302864 0.324677 0.302110 0.325141 0.301251 0.325485 0.300318 0.325698 0.299347 0.325769 0.298377 0.325698 0.297444 0.325485 0.296584 0.325141 0.295830 0.324677 0.295212 0.324112 0.294752 0.323467 0.294469 0.322767 0.294374 0.322039 0.294469 0.321311 0.294752 0.320612 0.295212 0.319967 0.295830 0.319402 0.296584 0.318938 0.297444 0.318593 0.298377 0.318381 0.299347 0.318309 0.300318 0.318381 0.301251 0.318593 0.302110 0.318938 0.302864 0.319402 0.303483 0.319967 0.303942 0.320612 0.304225 0.321311
0 0.322350 0.328878 0.322290 0.329545 0.322113 0.330186 0.321826 0.330778 0.321440 0.331296 0.320969 0.331721 0.320431 0.332037 0.319848 0.332231 0.319242 0.332297 0.318635 0.332231 0.318052 0.332037 0.317515 0.331721 0.317043 0.331296 0.316657 0.330778 0.316370 0.330186 0.316193 0.329545 0.316133 0.328878 0.316193 0.328211 0.316370 0.327569 0.316657 0.326978 0.317043 0.326460 0.317515 0.326035 0.318052 0.325719 0.318635 0.325524 0.319242 0.325459 0.319848 0.325524 0.320431 0.325719 0.320969 0.326035 0.321440 0.326460 0.321826 0.326978 0.322113 0.327569 0.322290 0.328211
0 0.328567 0.332608 0.328507 0.333214 0.328330 0.333798 0.328043 0.334335 0.327657 0.334806 0.327185 0.335193 0.326648 0.335480 0.326065 0.335657 0.325459 0.335717 0.324852 0.335657 0.324269 0.335480 0.323732 0.335193 0.323260 0.334806 0.322874 0.334335 0.322587 0.333798 0.322410 0.333214 0.322350 0.332608 0.322410 0.332002 0.322587 0.331418 0.322874 0.330881 0.323260 0.330410 0.323732 0.330023 0.324269 0.329736 0.324852 0.329559 0.325459 0.329500 0.326065 0.329559 0.326648 0.329736 0.327185 0.330023 0.327657 0.330410 0.328043 0.330881 0.328330 0.331418 0.328507 0.332002
0 0.333851 0.337582 0.333798 0.338067 0.333638 0.338533 0.333380 0.338963 0.333032 0.339340 0.332608 0.339649 0.332124 0.339879 0.331600 0.340021 0.331054 0.340068 0.330508 0.340021 0.329983 0.339879 0.329499 0.339649 0.329076 0.339340 0.328728 0.338963 0.328469 0.338533 0.328310 0.338067 0.328256 0.337582 0.328310 0.337096 0.328469 0.336630 0.328728 0.336200 0.329076 0.335823 0.329499 0.335514 0.329983 0.335284 0.330508 0.335143 0.331054 0.335095 0.331600 0.335143 0.332124 0.335284 0.332608 0.335514 0.333032 0.335823 0.333380 0.336200 0.333638 0.336630 0.333798 0.337096
0 0.493938 0.176873 0.493855 0.177722 0.493607 0.178538 0.493205 0.179291 0.492664 0.179950 0.492004 0.180491 0.491252 0.180893 0.490436 0.181141 0.489587 0.181225 0.488738 0.181141 0.487921 0.180893 0.487169 0.180491 0.486509 0.179950 0.485968 0.179291 0.485566 0.178538 0.485318 0.177722 0.485235 0.176873 0.485318 0.176024 0.485566 0.175207 0.485968 0.174455 0.486509 0.173796 0.487169 0.173254 0.487921 0.172852 0.488738 0.172605 0.489587 0.172521 0.490436 0.172605 0.491252 0.172852 0.492004 0.173254 0.492664 0.173796 0.493205 0.174455 0.493607 0.175207 0.493855 0.176024
0 0.496425 0.170656 0.496354 0.171384 0.496141 0.172083 0.495797 0.172728 0.495333 0.173294 0.494767 0.173757 0.494123 0.174102 0.493423 0.174314 0.492695 0.174386 0.491967 0.174314 0.491268 0.174102 0.490623 0.173757 0.490057 0.173294 0.489594 0.172728 0.489249 0.172083 0.489037 0.171384 0.488965 0.170656 0.489037 0.169928 0.489249 0.169228 0.489594 0.168584 0.490057 0.168018 0.490623 0.167554 0.491268 0.167210 0.491967 0.166997 0.492695 0.166926 0.493423 0.166997 0.494123 0.167210 0.494767 0.167554 0.495333 0.168018 0.495797 0.168584 0.496141 0.169228 0.496354 0.169928
0 0.648430 0.301834 0.648370 0.302562 0.648194 0.303261 0.647906 0.303906 0.647520 0.304472 0.647049 0.304936 0.646511 0.305280 0.645928 0.305493 0.645322 0.305564 0.644715 0.305493 0.644132 0.305280 0.643595 0.304936 0.643124 0.304472 0.642737 0.303906 0.642450 0.303261 0.642273 0.302562 0.642213 0.301834 0.642273 0.301106 0.642450 0.300407 0.642737 0.299762 0.643124 0.299196 0.643595 0.298732 0.644132 0.298388 0.644715 0.298175 0.645322 0.298104 0.645928 0.298175 0.646511 0.298388 0.647049 0.298732 0.647520 0.299196 0.647906 0.299762 0.648194 0.300407 0.648370 0.301106
0 0.654958 0.303699 0.654886 0.304487 0.654674 0.305246 0.654329 0.305944 0.653865 0.306557 0.653300 0.307059 0.652655 0.307433 0.651956 0.307662 0.651228 0.307740 0.650500 0.307662 0.649800 0.307433 0.649155 0.307059 0.648590 0.306557 0.648126 0.305944 0.647782 0.305246 0.647569 0.304487 0.647498 0.303699 0.647569 0.302911 0.647782 0.302153 0.648126 0.301454 0.648590 0.300842 0.649155 0.300339 0.649800 0.299966 0.650500 0.299736 0.651228 0.299658 0.651956 0.299736 0.652655 0.299966 0.653300 0.300339 0.653865 0.300842 0.654329 0.301454 0.654674 0.302153 0.654886 0.302911
0 0.646565 0.308984 0.646470 0.310014 0.646187 0.311006 0.645727 0.311919 0.645108 0.312720 0.644355 0.313377 0.643495 0.313866 0.642562 0.314166 0.641592 0.314268 0.640621 0.314166 0.639688 0.313866 0.638828 0.313377 0.638075 0.312720 0.637456 0.311919 0.636997 0.311006 0.636714 0.310014 0.636618 0.308984 0.636714 0.307953 0.636997 0.306961 0.637456 0.306048 0.638075 0.305247 0.638828 0.304590 0.639688 0.304101 0.640621 0.303801 0.641592 0.303699 0.642562 0.303801 0.643495 0.304101 0.644355 0.304590 0.645108 0.305247 0.645727 0.306048 0.646187 0.306961 0.646470 0.307953
0 0.631644 0.314579 0.631579 0.315064 0.631384 0.315530 0.631068 0.315960 0.630643 0.316337 0.630125 0.316646 0.629534 0.316876 0.628892 0.317018 0.628225 0.317066 0.627558 0.317018 0.626917 0.316876 0.626325 0.316646 0.625807 0.316337 0.625382 0.315960 0.625066 0.315530 0.624871 0.315064 0.624806 0.314579 0.624871 0.314094 0.625066 0.313627 0.625382 0.313197 0.625807 0.312820 0.626325 0.312511 0.626917 0.312281 0.627558 0.312140 0.628225 0.312092 0.628892 0.312140 0.629534 0.312281 0.630125 0.312511 0.630643 0.312820 0.631068 0.313197 0.631384 0.313627 0.631579 0.314094
0 0.636618 0.319242 0.636564 0.319909 0.636405 0.320550 0.636146 0.321141 0.635799 0.321659 0.635375 0.322085 0.634891 0.322401 0.634366 0.322595 0.633820 0.322661 0.633275 0.322595 0.632750 0.322401 0.632266 0.322085 0.631842 0.321659 0.631494 0.321141 0.631236 0.320550 0.631076 0.319909 0.631023 0.319242 0.631076 0.318574 0.631236 0.317933 0.631494 0.317342 0.631842 0.316824 0.632266 0.316398 0.632750 0.316082 0.633275 0.315888 0.633820 0.315822 0.634366 0.315888 0.634891 0.316082 0.635375 0.316398 0.635799 0.316824 0.636146 0.317342 0.636405 0.317933 0.636564 0.318574
0 0.637551 0.336960 0.637509 0.337566 0.637385 0.338149 0.637184 0.338687 0.636913 0.339158 0.636583 0.339545 0.636207 0.339832 0.635799 0.340009 0.635375 0.340068 0.634950 0.340009 0.634542 0.339832 0.634166 0.339545 0.633836 0.339158 0.633565 0.338687 0.633364 0.338149 0.633240 0.337566 0.633199 0.336960 0.633240 0.336353 0.633364 0.335770 0.633565 0.335233 0.633836 0.334762 0.634166 0.334375 0.634542 0.334088 0.634950 0.333911 0.635375 0.333851 0.635799 0.333911 0.636207 0.334088 0.636583 0.334375 0.636913 0.334762 0.637184 0.335233 0.637385 0.335770 0.637509 0.336353
0 0.626360 0.322350 0.626306 0.322775 0.626147 0.323183 0.625888 0.323559 0.625541 0.323889 0.625117 0.324159 0.624633 0.324360 0.624108 0.324484 0.623562 0.324526 0.623017 0.324484 0.622492 0.324360 0.622008 0.324159 0.621584 0.323889 0.621236 0.323559 0.620978 0.323183 0.620818 0.322775 0.620765 0.322350 0.620818 0.321926 0.620978 0.321517 0.621236 0.321141 0.621584 0.320811 0.622008 0.320541 0.622492 0.320340 0.623017 0.320216 0.623562 0.320174 0.624108 0.320216 0.624633 0.320340 0.625117 0.320541 0.625541 0.320811 0.625888 0.321141 0.626147 0.321517 0.626306 0.321926
0 0.619521 0.333851 0.619450 0.334337 0.619237 0.334803 0.618893 0.335233 0.618429 0.335610 0.617863 0.335919 0.617219 0.336149 0.616519 0.336290 0.615791 0.336338 0.615063 0.336290 0.614364 0.336149 0.613719 0.335919 0.613153 0.335610 0.612690 0.335233 0.612345 0.334803 0.612133 0.334337 0.612061 0.333851 0.612133 0.333366 0.612345 0.332900 0.612690 0.332470 0.613153 0.332093 0.613719 0.331784 0.614364 0.331554 0.615063 0.331412 0.615791 0.331365 0.616519 0.331412 0.617219 0.331554 0.617863 0.331784 0.618429 0.332093 0.618893 0.332470 0.619237 0.332900 0.619450 0.333366
0 0.638172 0.297171 0.638118 0.297899 0.637959 0.298599 0.637701 0.299244 0.637353 0.299809 0.636929 0.300273 0.636445 0.300618 0.635920 0.300830 0.635375 0.300901 0.634829 0.300830 0.634304 0.300618 0.633820 0.300273 0.633396 0.299809 0.633048 0.299244 0.632790 0.298599 0.632631 0.297899 0.632577 0.297171 0.632631 0.296444 0.632790 0.295744 0.633048 0.295099 0.633396 0.294534 0.633820 0.294070 0.634304 0.293725 0.634829 0.293513 0.635375 0.293441 0.635920 0.293513 0.636445 0.293725 0.636929 0.294070 0.637353 0.294534 0.637701 0.295099 0.637959 0.295744 0.638118 0.296444
0 0.633199 0.303699 0.633145 0.304124 0.632986 0.304532 0.632727 0.304908 0.632379 0.305238 0.631955 0.305508 0.631472 0.305709 0.630947 0.305833 0.630401 0.305875 0.629855 0.305833 0.629330 0.305709 0.628847 0.305508 0.628423 0.305238 0.628075 0.304908 0.627816 0.304532 0.627657 0.304124 0.627603 0.303699 0.627657 0.303275 0.627816 0.302866 0.628075 0.302490 0.628423 0.302160 0.628847 0.301890 0.629330 0.301689 0.629855 0.301565 0.630401 0.301523 0.630947 0.301565 0.631472 0.301689 0.631955 0.301890 0.632379 0.302160 0.632727 0.302490 0.632986 0.302866 0.633145 0.303275
0 0.633199 0.308673 0.633139 0.309158 0.632962 0.309624 0.632675 0.310054 0.632288 0.310431 0.631817 0.310740 0.631280 0.310970 0.630697 0.311112 0.630090 0.311159 0.629484 0.311112 0.628901 0.310970 0.628363 0.310740 0.627892 0.310431 0.627506 0.310054 0.627218 0.309624 0.627041 0.309158 0.626982 0.308673 0.627041 0.308188 0.627218 0.307721 0.627506 0.307291 0.627892 0.306914 0.628363 0.306605 0.628901 0.306375 0.629484 0.306234 0.630090 0.306186 0.630697 0.306234 0.631280 0.306375 0.631817 0.306605 0.632288 0.306914 0.632675 0.307291 0.632962 0.307721 0.633139 0.308188
0 0.651539 0.295617 0.651491 0.296163 0.651349 0.296688 0.651120 0.297171 0.650810 0.297595 0.650433 0.297943 0.650004 0.298202 0.649537 0.298361 0.649052 0.298415 0.648567 0.298361 0.648100 0.298202 0.647670 0.297943 0.647293 0.297595 0.646984 0.297171 0.646754 0.296688 0.646613 0.296163 0.646565 0.295617 0.646613 0.295071 0.646754 0.294546 0.646984 0.294063 0.647293 0.293639 0.647670 0.293291 0.648100 0.293032 0.648567 0.292873 0.649052 0.292819 0.649537 0.292873 0.650004 0.293032 0.650433 0.293291 0.650810 0.293639 0.651120 0.294063 0.651349 0.294546 0.651491 0.295071
0 0.660864 0.292509 0.660804 0.292872 0.660628 0.293222 0.660340 0.293545 0.659954 0.293827 0.659483 0.294059 0.658945 0.294232 0.658362 0.294338 0.657756 0.294374 0.657149 0.294338 0.656566 0.294232 0.656029 0.294059 0.655558 0.293827 0.655171 0.293545 0.654884 0.293222 0.654707 0.292872 0.654647 0.292509 0.654707 0.292145 0.654884 0.291795 0.655171 0.291472 0.655558 0.291190 0.656029 0.290958 0.656566 0.290785 0.657149 0.290679 0.657756 0.290643 0.658362 0.290679 0.658945 0.290785 0.659483 0.290958 0.659954 0.291190 0.660340 0.291472 0.660628 0.291795 0.660804 0.292145
0 0.633820 0.327324 0.633773 0.327869 0.633631 0.328394 0.633401 0.328878 0.633092 0.329302 0.632715 0.329650 0.632285 0.329908 0.631819 0.330067 0.631334 0.330121 0.630848 0.330067 0.630382 0.329908 0.629952 0.329650 0.629575 0.329302 0.629266 0.328878 0.629036 0.328394 0.628895 0.327869 0.628847 0.327324 0.628895 0.326778 0.629036 0.326253 0.629266 0.325769 0.629575 0.325345 0.629952 0.324997 0.630382 0.324739 0.630848 0.324580 0.631334 0.324526 0.631819 0.324580 0.632285 0.324739 0.632715 0.324997 0.633092 0.325345 0.633401 0.325769 0.633631 0.326253 0.633773 0.326778
0 0.633509 0.331365 0.633468 0.331910 0.633344 0.332435 0.633143 0.332919 0.632872 0.333343 0.632542 0.333691 0.632166 0.333949 0.631758 0.334109 0.631334 0.334162 0.630909 0.334109 0.630501 0.333949 0.630125 0.333691 0.629795 0.333343 0.629524 0.332919 0.629323 0.332435 0.629199 0.331910 0.629158 0.331365 0.629199 0.330819 0.629323 0.330294 0.629524 0.329810 0.629795 0.329386 0.630125 0.329038 0.630501 0.328780 0.630909 0.328621 0.631334 0.328567 0.631758 0.328621 0.632166 0.328780 0.632542 0.329038 0.632872 0.329386 0.633143 0.329810 0.633344 0.330294 0.633468 0.330819
0 0.643146 0.318620 0.643080 0.319105 0.642886 0.319571 0.642570 0.320001 0.642144 0.320378 0.641626 0.320688 0.641035 0.320917 0.640394 0.321059 0.639726 0.321107 0.639059 0.321059 0.638418 0.320917 0.637827 0.320688 0.637309 0.320378 0.636883 0.320001 0.636567 0.319571 0.636373 0.319105 0.636307 0.318620 0.636373 0.318135 0.636567 0.317668 0.636883 0.317238 0.637309 0.316861 0.637827 0.316552 0.638418 0.316322 0.639059 0.316181 0.639726 0.316133 0.640394 0.316181 0.641035 0.316322 0.641626 0.316552 0.642144 0.316861 0.642570 0.317238 0.642886 0.317668 0.643080 0.318135
0 0.653715 0.216040 0.653643 0.216828 0.653431 0.217586 0.653086 0.218285 0.652622 0.218897 0.652057 0.219400 0.651412 0.219773 0.650712 0.220003 0.649984 0.220081 0.649257 0.220003 0.648557 0.219773 0.647912 0.219400 0.647347 0.218897 0.646883 0.218285 0.646538 0.217586 0.646326 0.216828 0.646254 0.216040 0.646326 0.215251 0.646538 0.214493 0.646883 0.213795 0.647347 0.213182 0.647912 0.212680 0.648557 0.212306 0.649257 0.212076 0.649984 0.211999 0.650712 0.212076 0.651412 0.212306 0.652057 0.212680 0.652622 0.213182 0.653086 0.213795 0.653431 0.214493 0.653643 0.215251
0 0.661797 0.212620 0.661743 0.213166 0.661584 0.213691 0.661325 0.214175 0.660977 0.214599 0.660553 0.214947 0.660070 0.215205 0.659545 0.215364 0.658999 0.215418 0.658453 0.215364 0.657928 0.215205 0.657445 0.214947 0.657021 0.214599 0.656673 0.214175 0.656414 0.213691 0.656255 0.213166 0.656201 0.212620 0.656255 0.212075 0.656414 0.211550 0.656673 0.211066 0.657021 0.210642 0.657445 0.210294 0.657928 0.210036 0.658453 0.209877 0.658999 0.209823 0.659545 0.209877 0.660070 0.210036 0.660553 0.210294 0.660977 0.210642 0.661325 0.211066 0.661584 0.211550 0.661743 0.212075
0 0.658688 0.213864 0.658617 0.214592 0.658404 0.215291 0.658060 0.215936 0.657596 0.216501 0.657030 0.216965 0.656386 0.217310 0.655686 0.217522 0.654958 0.217594 0.654230 0.217522 0.653531 0.217310 0.652886 0.216965 0.652320 0.216501 0.651857 0.215936 0.651512 0.215291 0.651300 0.214592 0.651228 0.213864 0.651300 0.213136 0.651512 0.212436 0.651857 0.211791 0.652320 0.211226 0.652886 0.210762 0.653531 0.210418 0.654230 0.210205 0.654958 0.210134 0.655686 0.210205 0.656386 0.210418 0.657030 0.210762 0.657596 0.211226 0.658060 0.211791 0.658404 0.212436 0.658617 0.213136
0 0.639024 0.225652 0.640391 0.223977 0.641817 0.222451 0.643246 0.221133 0.644623 0.220073 0.645896 0.219312 0.647015 0.218879 0.647938 0.218791 0.648629 0.219051 0.649061 0.219650 0.649219 0.220563 0.649095 0.221757 0.648694 0.223185 0.648033 0.224792 0.647136 0.226517 0.646038 0.228293 0.644781 0.230052 0.643414 0.231727 0.641988 0.233253 0.640559 0.234571 0.639182 0.235631 0.637909 0.236392 0.636790 0.236825 0.635867 0.236913 0.635176 0.236653 0.634743 0.236055 0.634586 0.235141 0.634710 0.233947 0.635110 0.232519 0.635772 0.230912 0.636669 0.229187 0.637767 0.227411
0 0.782406 0.263289 0.782340 0.263835 0.782146 0.264359 0.781830 0.264843 0.781404 0.265267 0.780886 0.265615 0.780295 0.265873 0.779654 0.266033 0.778987 0.266086 0.778320 0.266033 0.777678 0.265873 0.777087 0.265615 0.776569 0.265267 0.776144 0.264843 0.775828 0.264359 0.775633 0.263835 0.775567 0.263289 0.775633 0.262743 0.775828 0.262218 0.776144 0.261734 0.776569 0.261311 0.777087 0.260963 0.777678 0.260704 0.778320 0.260545 0.778987 0.260491 0.779654 0.260545 0.780295 0.260704 0.780886 0.260963 0.781404 0.261311 0.781830 0.261734 0.782146 0.262218 0.782340 0.262743
0 0.787690 0.261735 0.787619 0.262341 0.787406 0.262924 0.787062 0.263462 0.786598 0.263933 0.786033 0.264319 0.785388 0.264606 0.784688 0.264783 0.783960 0.264843 0.783232 0.264783 0.782533 0.264606 0.781888 0.264319 0.781323 0.263933 0.780859 0.263462 0.780514 0.262924 0.780302 0.262341 0.780230 0.261735 0.780302 0.261128 0.780514 0.260545 0.780859 0.260008 0.781323 0.259537 0.781888 0.259150 0.782533 0.258863 0.783232 0.258686 0.783960 0.258626 0.784688 0.258686 0.785388 0.258863 0.786033 0.259150 0.786598 0.259537 0.787062 0.260008 0.787406 0.260545 0.787619 0.261128
0 0.690706 0.422754 0.690353 0.425968 0.689310 0.429059 0.687615 0.431907 0.685334 0.434404 0.682555 0.436453 0.679384 0.437975 0.675944 0.438913 0.672366 0.439229 0.668788 0.438913 0.665347 0.437975 0.662176 0.436453 0.659397 0.434404 0.657116 0.431907 0.655422 0.429059 0.654378 0.425968 0.654025 0.422754 0.654378 0.419540 0.655422 0.416449 0.657116 0.413601 0.659397 0.411105 0.662176 0.409056 0.665347 0.407533 0.668788 0.406596 0.672366 0.406279 0.675944 0.406596 0.679384 0.407533 0.682555 0.409056 0.685334 0.411105 0.687615 0.413601 0.689310 0.416449 0.690353 0.419540
0 0.724277 0.396332 0.724194 0.397181 0.723946 0.397997 0.723544 0.398750 0.723003 0.399409 0.722343 0.399950 0.721591 0.400353 0.720774 0.400600 0.719925 0.400684 0.719076 0.400600 0.718260 0.400353 0.717508 0.399950 0.716848 0.399409 0.716307 0.398750 0.715905 0.397997 0.715657 0.397181 0.715574 0.396332 0.715657 0.395483 0.715905 0.394667 0.716307 0.393914 0.716848 0.393255 0.717508 0.392714 0.718260 0.392311 0.719076 0.392064 0.719925 0.391980 0.720774 0.392064 0.721591 0.392311 0.722343 0.392714 0.723003 0.393255 0.723544 0.393914 0.723946 0.394667 0.724194 0.395483
0 0.601492 0.454772 0.601408 0.455984 0.601161 0.457151 0.600759 0.458225 0.600217 0.459168 0.599558 0.459941 0.598806 0.460515 0.597989 0.460869 0.597140 0.460988 0.596291 0.460869 0.595475 0.460515 0.594722 0.459941 0.594063 0.459168 0.593522 0.458225 0.593120 0.457151 0.592872 0.455984 0.592788 0.454772 0.592872 0.453559 0.593120 0.452392 0.593522 0.451318 0.594063 0.450375 0.594722 0.449602 0.595475 0.449028 0.596291 0.448674 0.597140 0.448555 0.597989 0.448674 0.598806 0.449028 0.599558 0.449602 0.600217 0.450375 0.600759 0.451318 0.601161 0.452392 0.601408 0.453559
0 0.593452 0.517196 0.593191 0.519563 0.592533 0.521830 0.591502 0.523909 0.590138 0.525720 0.588494 0.527193 0.586632 0.528273 0.584625 0.528917 0.582549 0.529101 0.580485 0.528818 0.578511 0.528078 0.576703 0.526910 0.575132 0.525360 0.573856 0.523485 0.572926 0.521359 0.572377 0.519064 0.572230 0.516687 0.572491 0.514319 0.573150 0.512052 0.574181 0.509974 0.575545 0.508163 0.577189 0.506689 0.579050 0.505609 0.581057 0.504965 0.583133 0.504781 0.585198 0.505065 0.587171 0.505804 0.588979 0.506972 0.590551 0.508523 0.591826 0.510397 0.592756 0.512523 0.593305 0.514819
0 0.614237 0.501399 0.614153 0.502187 0.613906 0.502945 0.613503 0.503644 0.612962 0.504256 0.612303 0.504759 0.611550 0.505132 0.610734 0.505362 0.609885 0.505440 0.609036 0.505362 0.608220 0.505132 0.607467 0.504759 0.606808 0.504256 0.606267 0.503644 0.605864 0.502945 0.605617 0.502187 0.605533 0.501399 0.605617 0.500610 0.605864 0.499852 0.606267 0.499154 0.606808 0.498541 0.607467 0.498039 0.608220 0.497665 0.609036 0.497435 0.609885 0.497358 0.610734 0.497435 0.611550 0.497665 0.612303 0.498039 0.612962 0.498541 0.613503 0.499154 0.613906 0.499852 0.614153 0.500610
0 0.619210 0.511346 0.619121 0.512256 0.618856 0.513130 0.618425 0.513936 0.617845 0.514643 0.617138 0.515223 0.616332 0.515654 0.615457 0.515919 0.614548 0.516009 0.613638 0.515919 0.612763 0.515654 0.611957 0.515223 0.611251 0.514643 0.610671 0.513936 0.610240 0.513130 0.609975 0.512256 0.609885 0.511346 0.609975 0.510436 0.610240 0.509562 0.610671 0.508756 0.611251 0.508049 0.611957 0.507469 0.612763 0.507038 0.613638 0.506773 0.614548 0.506683 0.615457 0.506773 0.616332 0.507038 0.617138 0.507469 0.617845 0.508049 0.618425 0.508756 0.618856 0.509562 0.619121 0.510436
0 0.573205 0.508548 0.573121 0.509943 0.572874 0.511284 0.572471 0.512520 0.571930 0.513604 0.571271 0.514493 0.570518 0.515154 0.569702 0.515560 0.568853 0.515698 0.568004 0.515560 0.567188 0.515154 0.566435 0.514493 0.565776 0.513604 0.565235 0.512520 0.564832 0.511284 0.564585 0.509943 0.564501 0.508548 0.564585 0.507154 0.564832 0.505812 0.565235 0.504576 0.565776 0.503493 0.566435 0.502604 0.567188 0.501943 0.568004 0.501536 0.568853 0.501399 0.569702 0.501536 0.570518 0.501943 0.571271 0.502604 0.571930 0.503493 0.572471 0.504576 0.572874 0.505812 0.573121 0.507154
0 0.618589 0.449798 0.618535 0.450465 0.618376 0.451106 0.618117 0.451698 0.617769 0.452216 0.617345 0.452641 0.616862 0.452957 0.616337 0.453152 0.615791 0.453217 0.615245 0.453152 0.614721 0.452957 0.614237 0.452641 0.613813 0.452216 0.613465 0.451698 0.613206 0.451106 0.613047 0.450465 0.612993 0.449798 0.613047 0.449131 0.613206 0.448489 0.613465 0.447898 0.613813 0.447380 0.614237 0.446955 0.614721 0.446639 0.615245 0.446444 0.615791 0.446379 0.616337 0.446444 0.616862 0.446639 0.617345 0.446955 0.617769 0.447380 0.618117 0.447898 0.618376 0.448489 0.618535 0.449131
0 0.743239 0.579422 0.743167 0.580028 0.742955 0.580611 0.742610 0.581149 0.742146 0.581620 0.741581 0.582006 0.740936 0.582294 0.740237 0.582471 0.739509 0.582530 0.738781 0.582471 0.738081 0.582294 0.737436 0.582006 0.736871 0.581620 0.736407 0.581149 0.736063 0.580611 0.735850 0.580028 0.735779 0.579422 0.735850 0.578815 0.736063 0.578232 0.736407 0.577695 0.736871 0.577224 0.737436 0.576837 0.738081 0.576550 0.738781 0.576373 0.739509 0.576313 0.740237 0.576373 0.740936 0.576550 0.741581 0.576837 0.742146 0.577224 0.742610 0.577695 0.742955 0.578232 0.743167 0.578815
0 0.837737 0.637551 0.837546 0.638885 0.836980 0.640168 0.836061 0.641350 0.834824 0.642386 0.833316 0.643237 0.831596 0.643869 0.829730 0.644258 0.827790 0.644389 0.825849 0.644258 0.823983 0.643869 0.822264 0.643237 0.820756 0.642386 0.819519 0.641350 0.818600 0.640168 0.818034 0.638885 0.817843 0.637551 0.818034 0.636216 0.818600 0.634933 0.819519 0.633751 0.820756 0.632715 0.822264 0.631864 0.823983 0.631232 0.825849 0.630843 0.827790 0.630712 0.829730 0.630843 0.831596 0.631232 0.833316 0.631864 0.834824 0.632715 0.836061 0.633751 0.836980 0.634933 0.837546 0.636216
0 0.816599 0.648741 0.816510 0.649408 0.816244 0.650050 0.815814 0.650641 0.815234 0.651159 0.814527 0.651584 0.813721 0.651900 0.812846 0.652095 0.811937 0.652160 0.811027 0.652095 0.810152 0.651900 0.809346 0.651584 0.808640 0.651159 0.808060 0.650641 0.807629 0.650050 0.807363 0.649408 0.807274 0.648741 0.807363 0.648074 0.807629 0.647433 0.808060 0.646841 0.808640 0.646323 0.809346 0.645898 0.810152 0.645582 0.811027 0.645387 0.811937 0.645322 0.812846 0.645387 0.813721 0.645582 0.814527 0.645898 0.815234 0.646323 0.815814 0.646841 0.816244 0.647433 0.816510 0.648074
0 0.696612 0.795772 0.696439 0.797046 0.695926 0.798271 0.695093 0.799399 0.693971 0.800388 0.692605 0.801200 0.691047 0.801803 0.689356 0.802175 0.687597 0.802300 0.685838 0.802175 0.684147 0.801803 0.682589 0.801200 0.681223 0.800388 0.680102 0.799399 0.679269 0.798271 0.678756 0.797046 0.678583 0.795772 0.678756 0.794499 0.679269 0.793274 0.680102 0.792146 0.681223 0.791157 0.682589 0.790345 0.684147 0.789742 0.685838 0.789370 0.687597 0.789245 0.689356 0.789370 0.691047 0.789742 0.692605 0.790345 0.693971 0.791157 0.695093 0.792146 0.695926 0.793274 0.696439 0.794499
0 0.694125 0.807274 0.694059 0.807820 0.693865 0.808344 0.693549 0.808828 0.693123 0.809252 0.692605 0.809600 0.692014 0.809859 0.691373 0.810018 0.690706 0.810071 0.690039 0.810018 0.689397 0.809859 0.688806 0.809600 0.688288 0.809252 0.687863 0.808828 0.687547 0.808344 0.687352 0.807820 0.687286 0.807274 0.687352 0.806728 0.687547 0.806203 0.687863 0.805720 0.688288 0.805296 0.688806 0.804948 0.689397 0.804689 0.690039 0.804530 0.690706 0.804476 0.691373 0.804530 0.692014 0.804689 0.692605 0.804948 0.693123 0.805296 0.693549 0.805720 0.693865 0.806203 0.694059 0.806728
0 0.713708 0.777122 0.713667 0.777607 0.713543 0.778073 0.713342 0.778503 0.713071 0.778880 0.712741 0.779189 0.712365 0.779419 0.711957 0.779561 0.711532 0.779608 0.711108 0.779561 0.710700 0.779419 0.710324 0.779189 0.709994 0.778880 0.709723 0.778503 0.709522 0.778073 0.709398 0.777607 0.709357 0.777122 0.709398 0.776636 0.709522 0.776170 0.709723 0.775740 0.709994 0.775363 0.710324 0.775054 0.710700 0.774824 0.711108 0.774683 0.711532 0.774635 0.711957 0.774683 0.712365 0.774824 0.712741 0.775054 0.713071 0.775363 0.713342 0.775740 0.713543 0.776170 0.713667 0.776636
0 0.709046 0.778054 0.708980 0.778782 0.708785 0.779482 0.708469 0.780126 0.708044 0.780692 0.707526 0.781156 0.706935 0.781500 0.706293 0.781713 0.705626 0.781784 0.704959 0.781713 0.704318 0.781500 0.703727 0.781156 0.703209 0.780692 0.702783 0.780126 0.702467 0.779482 0.702273 0.778782 0.702207 0.778054 0.702273 0.777326 0.702467 0.776627 0.702783 0.775982 0.703209 0.775416 0.703727 0.774953 0.704318 0.774608 0.704959 0.774396 0.705626 0.774324 0.706293 0.774396 0.706935 0.774608 0.707526 0.774953 0.708044 0.775416 0.708469 0.775982 0.708785 0.776627 0.708980 0.777326
0 0.592788 0.769039 0.592729 0.769767 0.592552 0.770467 0.592264 0.771112 0.591878 0.771677 0.591407 0.772141 0.590869 0.772486 0.590286 0.772698 0.589680 0.772770 0.589073 0.772698 0.588490 0.772486 0.587953 0.772141 0.587482 0.771677 0.587095 0.771112 0.586808 0.770467 0.586631 0.769767 0.586571 0.769039 0.586631 0.768312 0.586808 0.767612 0.587095 0.766967 0.587482 0.766402 0.587953 0.765938 0.588490 0.765593 0.589073 0.765381 0.589680 0.765309 0.590286 0.765381 0.590869 0.765593 0.591407 0.765938 0.591878 0.766402 0.592264 0.766967 0.592552 0.767612 0.592729 0.768312
0 0.594032 0.762823 0.593978 0.763308 0.593819 0.763774 0.593560 0.764204 0.593212 0.764581 0.592788 0.764890 0.592305 0.765120 0.591780 0.765262 0.591234 0.765309 0.590688 0.765262 0.590163 0.765120 0.589680 0.764890 0.589256 0.764581 0.588908 0.764204 0.588649 0.763774 0.588490 0.763308 0.588436 0.762823 0.588490 0.762337 0.588649 0.761871 0.588908 0.761441 0.589256 0.761064 0.589680 0.760755 0.590163 0.760525 0.590688 0.760383 0.591234 0.760336 0.591780 0.760383 0.592305 0.760525 0.592788 0.760755 0.593212 0.761064 0.593560 0.761441 0.593819 0.761871 0.593978 0.762337
0 0.586260 0.771837 0.586207 0.772625 0.586048 0.773384 0.585789 0.774082 0.585441 0.774695 0.585017 0.775197 0.584533 0.775571 0.584009 0.775801 0.583463 0.775878 0.582917 0.775801 0.582392 0.775571 0.581909 0.775197 0.581485 0.774695 0.581137 0.774082 0.580878 0.773384 0.580719 0.772625 0.580665 0.771837 0.580719 0.771049 0.580878 0.770291 0.581137 0.769592 0.581485 0.768980 0.581909 0.768477 0.582392 0.768104 0.582917 0.767874 0.583463 0.767796 0.584009 0.767874 0.584533 0.768104 0.585017 0.768477 0.585441 0.768980 0.585789 0.769592 0.586048 0.770291 0.586207 0.771049
0 0.532484 0.593410 0.532364 0.594744 0.532010 0.596027 0.531436 0.597209 0.530663 0.598246 0.529721 0.599096 0.528646 0.599728 0.527480 0.600117 0.526267 0.600249 0.525054 0.600117 0.523888 0.599728 0.522813 0.599096 0.521871 0.598246 0.521097 0.597209 0.520523 0.596027 0.520169 0.594744 0.520050 0.593410 0.520169 0.592076 0.520523 0.590793 0.521097 0.589611 0.521871 0.588574 0.522813 0.587724 0.523888 0.587092 0.525054 0.586703 0.526267 0.586571 0.527480 0.586703 0.528646 0.587092 0.529721 0.587724 0.530663 0.588574 0.531436 0.589611 0.532010 0.590793 0.532364 0.592076
0 0.541498 0.592788 0.541409 0.593819 0.541143 0.594811 0.540712 0.595724 0.540133 0.596525 0.539426 0.597182 0.538620 0.597670 0.537745 0.597971 0.536836 0.598073 0.535926 0.597971 0.535051 0.597670 0.534245 0.597182 0.533539 0.596525 0.532959 0.595724 0.532528 0.594811 0.532262 0.593819 0.532173 0.592788 0.532262 0.591757 0.532528 0.590766 0.532959 0.589852 0.533539 0.589052 0.534245 0.588394 0.535051 0.587906 0.535926 0.587605 0.536836 0.587504 0.537745 0.587605 0.538620 0.587906 0.539426 0.588394 0.540133 0.589052 0.540712 0.589852 0.541143 0.590766 0.541409 0.591757
0 0.538079 0.579422 0.538013 0.580210 0.537819 0.580968 0.537503 0.581667 0.537077 0.582279 0.536559 0.582782 0.535968 0.583155 0.535327 0.583385 0.534660 0.583463 0.533993 0.583385 0.533351 0.583155 0.532760 0.582782 0.532242 0.582279 0.531817 0.581667 0.531501 0.580968 0.531306 0.580210 0.531240 0.579422 0.531306 0.578633 0.531501 0.577875 0.531817 0.577177 0.532242 0.576564 0.532760 0.576062 0.533351 0.575688 0.533993 0.575458 0.534660 0.575381 0.535327 0.575458 0.535968 0.575688 0.536559 0.576062 0.537077 0.576564 0.537503 0.577177 0.537819 0.577875 0.538013 0.578633
0 0.539633 0.583774 0.539585 0.584441 0.539444 0.585082 0.539214 0.585673 0.538905 0.586192 0.538528 0.586617 0.538098 0.586933 0.537632 0.587127 0.537146 0.587193 0.536661 0.587127 0.536195 0.586933 0.535765 0.586617 0.535388 0.586192 0.535079 0.585673 0.534849 0.585082 0.534707 0.584441 0.534660 0.583774 0.534707 0.583107 0.534849 0.582465 0.535079 0.581874 0.535388 0.581356 0.535765 0.580931 0.536195 0.580615 0.536661 0.580420 0.537146 0.580354 0.537632 0.580420 0.538098 0.580615 0.538528 0.580931 0.538905 0.581356 0.539214 0.581874 0.539444 0.582465 0.539585 0.583107
0 0.523469 0.573516 0.523403 0.574183 0.523209 0.574824 0.522893 0.575415 0.522468 0.575934 0.521949 0.576359 0.521358 0.576675 0.520717 0.576869 0.520050 0.576935 0.519383 0.576869 0.518741 0.576675 0.518150 0.576359 0.517632 0.575934 0.517207 0.575415 0.516891 0.574824 0.516696 0.574183 0.516630 0.573516 0.516696 0.572849 0.516891 0.572207 0.517207 0.571616 0.517632 0.571098 0.518150 0.570673 0.518741 0.570357 0.519383 0.570162 0.520050 0.570096 0.520717 0.570162 0.521358 0.570357 0.521949 0.570673 0.522468 0.571098 0.522893 0.571616 0.523209 0.572207 0.523403 0.572849
0 0.527510 0.568853 0.527450 0.569399 0.527273 0.569924 0.526986 0.570407 0.526600 0.570831 0.526129 0.571179 0.525591 0.571438 0.525008 0.571597 0.524402 0.571651 0.523795 0.571597 0.523212 0.571438 0.522675 0.571179 0.522204 0.570831 0.521817 0.570407 0.521530 0.569924 0.521353 0.569399 0.521293 0.568853 0.521353 0.568307 0.521530 0.567782 0.521817 0.567299 0.522204 0.566875 0.522675 0.566527 0.523212 0.566268 0.523795 0.566109 0.524402 0.566055 0.525008 0.566109 0.525591 0.566268 0.526129 0.566527 0.526600 0.566875 0.526986 0.567299 0.527273 0.567782 0.527450 0.568307
0 0.524091 0.579733 0.524031 0.580400 0.523854 0.581041 0.523567 0.581632 0.523180 0.582151 0.522709 0.582576 0.522172 0.582892 0.521589 0.583086 0.520982 0.583152 0.520376 0.583086 0.519793 0.582892 0.519255 0.582576 0.518784 0.582151 0.518398 0.581632 0.518110 0.581041 0.517934 0.580400 0.517874 0.579733 0.517934 0.579066 0.518110 0.578424 0.518398 0.577833 0.518784 0.577315 0.519255 0.576890 0.519793 0.576574 0.520376 0.576379 0.520982 0.576313 0.521589 0.576379 0.522172 0.576574 0.522709 0.576890 0.523180 0.577315 0.523567 0.577833 0.523854 0.578424 0.524031 0.579066
0 0.516320 0.583774 0.516266 0.584259 0.516107 0.584725 0.515848 0.585155 0.515500 0.585532 0.515076 0.585841 0.514593 0.586071 0.514068 0.586213 0.513522 0.586260 0.512976 0.586213 0.512451 0.586071 0.511968 0.585841 0.511544 0.585532 0.511196 0.585155 0.510937 0.584725 0.510778 0.584259 0.510724 0.583774 0.510778 0.583289 0.510937 0.582822 0.511196 0.582392 0.511544 0.582015 0.511968 0.581706 0.512451 0.581476 0.512976 0.581335 0.513522 0.581287 0.514068 0.581335 0.514593 0.581476 0.515076 0.581706 0.515500 0.582015 0.515848 0.582392 0.516107 0.582822 0.516266 0.583289
0 0.534349 0.575692 0.534277 0.576480 0.534065 0.577238 0.533720 0.577937 0.533256 0.578549 0.532691 0.579052 0.532046 0.579425 0.531346 0.579655 0.530619 0.579733 0.529891 0.579655 0.529191 0.579425 0.528546 0.579052 0.527981 0.578549 0.527517 0.577937 0.527172 0.577238 0.526960 0.576480 0.526888 0.575692 0.526960 0.574903 0.527172 0.574145 0.527517 0.573447 0.527981 0.572834 0.528546 0.572332 0.529191 0.571958 0.529891 0.571728 0.530619 0.571651 0.531346 0.571728 0.532046 0.571958 0.532691 0.572332 0.533256 0.572834 0.533720 0.573447 0.534065 0.574145 0.534277 0.574903
0 0.518185 0.600560 0.518137 0.601105 0.517995 0.601630 0.517766 0.602114 0.517456 0.602538 0.517079 0.602886 0.516650 0.603144 0.516183 0.603303 0.515698 0.603357 0.515213 0.603303 0.514746 0.603144 0.514316 0.602886 0.513939 0.602538 0.513630 0.602114 0.513400 0.601630 0.513259 0.601105 0.513211 0.600560 0.513259 0.600014 0.513400 0.599489 0.513630 0.599005 0.513939 0.598581 0.514316 0.598233 0.514746 0.597975 0.515213 0.597816 0.515698 0.597762 0.516183 0.597816 0.516650 0.597975 0.517079 0.598233 0.517456 0.598581 0.517766 0.599005 0.517995 0.599489 0.518137 0.600014
0 0.526578 0.599938 0.526518 0.600605 0.526341 0.601246 0.526054 0.601838 0.525667 0.602356 0.525196 0.602781 0.524659 0.603097 0.524076 0.603291 0.523469 0.603357 0.522863 0.603291 0.522280 0.603097 0.521742 0.602781 0.521271 0.602356 0.520884 0.601838 0.520597 0.601246 0.520420 0.600605 0.520361 0.599938 0.520420 0.599271 0.520597 0.598629 0.520884 0.598038 0.521271 0.597520 0.521742 0.597095 0.522280 0.596779 0.522863 0.596584 0.523469 0.596518 0.524076 0.596584 0.524659 0.596779 0.525196 0.597095 0.525667 0.597520 0.526054 0.598038 0.526341 0.598629 0.526518 0.599271
0 0.529375 0.581287 0.529333 0.581711 0.529210 0.582120 0.529008 0.582496 0.528738 0.582826 0.528408 0.583096 0.528032 0.583297 0.527624 0.583421 0.527199 0.583463 0.526775 0.583421 0.526367 0.583297 0.525990 0.583096 0.525661 0.582826 0.525390 0.582496 0.525189 0.582120 0.525065 0.581711 0.525023 0.581287 0.525065 0.580862 0.525189 0.580454 0.525390 0.580078 0.525661 0.579748 0.525990 0.579478 0.526367 0.579277 0.526775 0.579153 0.527199 0.579111 0.527624 0.579153 0.528032 0.579277 0.528408 0.579478 0.528738 0.579748 0.529008 0.580078 0.529210 0.580454 0.529333 0.580862
0 0.526578 0.585328 0.526518 0.585752 0.526341 0.586161 0.526054 0.586537 0.525667 0.586867 0.525196 0.587137 0.524659 0.587338 0.524076 0.587462 0.523469 0.587504 0.522863 0.587462 0.522280 0.587338 0.521742 0.587137 0.521271 0.586867 0.520884 0.586537 0.520597 0.586161 0.520420 0.585752 0.520361 0.585328 0.520420 0.584903 0.520597 0.584495 0.520884 0.584119 0.521271 0.583789 0.521742 0.583519 0.522280 0.583318 0.522863 0.583194 0.523469 0.583152 0.524076 0.583194 0.524659 0.583318 0.525196 0.583519 0.525667 0.583789 0.526054 0.584119 0.526341 0.584495 0.526518 0.584903
0 0.590612 0.574137 0.590565 0.574623 0.590423 0.575089 0.590193 0.575519 0.589884 0.575896 0.589507 0.576205 0.589077 0.576435 0.588611 0.576576 0.588126 0.576624 0.587640 0.576576 0.587174 0.576435 0.586744 0.576205 0.586367 0.575896 0.586058 0.575519 0.585828 0.575089 0.585687 0.574623 0.585639 0.574137 0.585687 0.573652 0.585828 0.573186 0.586058 0.572756 0.586367 0.572379 0.586744 0.572070 0.587174 0.571840 0.587640 0.571698 0.588126 0.571651 0.588611 0.571698 0.589077 0.571840 0.589507 0.572070 0.589884 0.572379 0.590193 0.572756 0.590423 0.573186 0.590565 0.573652
0 0.587193 0.564501 0.587121 0.565471 0.586909 0.566404 0.586564 0.567264 0.586100 0.568018 0.585535 0.568636 0.584890 0.569096 0.584191 0.569379 0.583463 0.569475 0.582735 0.569379 0.582035 0.569096 0.581390 0.568636 0.580825 0.568018 0.580361 0.567264 0.580017 0.566404 0.579804 0.565471 0.579733 0.564501 0.579804 0.563531 0.580017 0.562598 0.580361 0.561738 0.580825 0.560984 0.581390 0.560366 0.582035 0.559906 0.582735 0.559623 0.583463 0.559528 0.584191 0.559623 0.584890 0.559906 0.585535 0.560366 0.586100 0.560984 0.586564 0.561738 0.586909 0.562598 0.587121 0.563531
0 0.594343 0.569786 0.594301 0.570331 0.594177 0.570856 0.593976 0.571340 0.593705 0.571764 0.593376 0.572112 0.592999 0.572370 0.592591 0.572529 0.592167 0.572583 0.591742 0.572529 0.591334 0.572370 0.590958 0.572112 0.590628 0.571764 0.590357 0.571340 0.590156 0.570856 0.590032 0.570331 0.589991 0.569786 0.590032 0.569240 0.590156 0.568715 0.590357 0.568231 0.590628 0.567807 0.590958 0.567459 0.591334 0.567201 0.591742 0.567042 0.592167 0.566988 0.592591 0.567042 0.592999 0.567201 0.593376 0.567459 0.593705 0.567807 0.593976 0.568231 0.594177 0.568715 0.594301 0.569240
0 0.575070 0.579733 0.575004 0.580339 0.574810 0.580922 0.574494 0.581460 0.574068 0.581931 0.573550 0.582317 0.572959 0.582605 0.572318 0.582781 0.571651 0.582841 0.570984 0.582781 0.570342 0.582605 0.569751 0.582317 0.569233 0.581931 0.568808 0.581460 0.568492 0.580922 0.568297 0.580339 0.568231 0.579733 0.568297 0.579126 0.568492 0.578543 0.568808 0.578006 0.569233 0.577535 0.569751 0.577148 0.570342 0.576861 0.570984 0.576684 0.571651 0.576624 0.572318 0.576684 0.572959 0.576861 0.573550 0.577148 0.574068 0.577535 0.574494 0.578006 0.574810 0.578543 0.575004 0.579126
0 0.476531 0.611128 0.476417 0.612159 0.476081 0.613151 0.475536 0.614064 0.474801 0.614865 0.473906 0.615522 0.472885 0.616011 0.471777 0.616311 0.470625 0.616413 0.469473 0.616311 0.468365 0.616011 0.467344 0.615522 0.466449 0.614865 0.465714 0.614064 0.465168 0.613151 0.464832 0.612159 0.464719 0.611128 0.464832 0.610097 0.465168 0.609106 0.465714 0.608193 0.466449 0.607392 0.467344 0.606735 0.468365 0.606246 0.469473 0.605945 0.470625 0.605844 0.471777 0.605945 0.472885 0.606246 0.473906 0.606735 0.474801 0.607392 0.475536 0.608193 0.476081 0.609106 0.476417 0.610097
0 0.486167 0.616102 0.486084 0.616951 0.485836 0.617767 0.485434 0.618520 0.484893 0.619179 0.484233 0.619720 0.483481 0.620123 0.482664 0.620370 0.481815 0.620454 0.480966 0.620370 0.480150 0.620123 0.479398 0.619720 0.478738 0.619179 0.478197 0.618520 0.477795 0.617767 0.477547 0.616951 0.477463 0.616102 0.477547 0.615253 0.477795 0.614437 0.478197 0.613684 0.478738 0.613025 0.479398 0.612484 0.480150 0.612081 0.480966 0.611834 0.481815 0.611750 0.482664 0.611834 0.483481 0.612081 0.484233 0.612484 0.484893 0.613025 0.485434 0.613684 0.485836 0.614437 0.486084 0.615253
0 0.491141 0.613304 0.491087 0.613850 0.490928 0.614375 0.490669 0.614859 0.490321 0.615283 0.489897 0.615630 0.489414 0.615889 0.488889 0.616048 0.488343 0.616102 0.487797 0.616048 0.487273 0.615889 0.486789 0.615630 0.486365 0.615283 0.486017 0.614859 0.485758 0.614375 0.485599 0.613850 0.485546 0.613304 0.485599 0.612759 0.485758 0.612234 0.486017 0.611750 0.486365 0.611326 0.486789 0.610978 0.487273 0.610720 0.487797 0.610560 0.488343 0.610507 0.488889 0.610560 0.489414 0.610720 0.489897 0.610978 0.490321 0.611326 0.490669 0.611750 0.490928 0.612234 0.491087 0.612759
0 0.487411 0.609574 0.487345 0.610120 0.487150 0.610645 0.486834 0.611128 0.486409 0.611552 0.485891 0.611900 0.485300 0.612159 0.484658 0.612318 0.483991 0.612372 0.483324 0.612318 0.482683 0.612159 0.482092 0.611900 0.481573 0.611552 0.481148 0.611128 0.480832 0.610645 0.480638 0.610120 0.480572 0.609574 0.480638 0.609028 0.480832 0.608504 0.481148 0.608020 0.481573 0.607596 0.482092 0.607248 0.482683 0.606989 0.483324 0.606830 0.483991 0.606776 0.484658 0.606830 0.485300 0.606989 0.485891 0.607248 0.486409 0.607596 0.486834 0.608020 0.487150 0.608504 0.487345 0.609028
0 0.482126 0.612993 0.482025 0.613964 0.481724 0.614897 0.481236 0.615757 0.480578 0.616510 0.479778 0.617129 0.478864 0.617588 0.477873 0.617871 0.476842 0.617967 0.475811 0.617871 0.474820 0.617588 0.473906 0.617129 0.473105 0.616510 0.472448 0.615757 0.471960 0.614897 0.471659 0.613964 0.471557 0.612993 0.471659 0.612023 0.471960 0.611090 0.472448 0.610230 0.473105 0.609477 0.473906 0.608858 0.474820 0.608398 0.475811 0.608115 0.476842 0.608020 0.477873 0.608115 0.478864 0.608398 0.479778 0.608858 0.480578 0.609477 0.481236 0.610230 0.481724 0.611090 0.482025 0.612023
0 0.438607 0.577557 0.438518 0.578466 0.438252 0.579341 0.437822 0.580147 0.437242 0.580854 0.436535 0.581434 0.435729 0.581865 0.434854 0.582130 0.433945 0.582219 0.433035 0.582130 0.432160 0.581865 0.431354 0.581434 0.430648 0.580854 0.430068 0.580147 0.429637 0.579341 0.429372 0.578466 0.429282 0.577557 0.429372 0.576647 0.429637 0.575772 0.430068 0.574966 0.430648 0.574260 0.431354 0.573680 0.432160 0.573249 0.433035 0.572984 0.433945 0.572894 0.434854 0.572984 0.435729 0.573249 0.436535 0.573680 0.437242 0.574260 0.437822 0.574966 0.438252 0.575772 0.438518 0.576647
0 0.429593 0.569164 0.429515 0.569892 0.429285 0.570591 0.428912 0.571236 0.428409 0.571801 0.427797 0.572265 0.427098 0.572610 0.426340 0.572822 0.425552 0.572894 0.424763 0.572822 0.424005 0.572610 0.423307 0.572265 0.422694 0.571801 0.422192 0.571236 0.421818 0.570591 0.421588 0.569892 0.421511 0.569164 0.421588 0.568436 0.421818 0.567736 0.422192 0.567091 0.422694 0.566526 0.423307 0.566062 0.424005 0.565718 0.424763 0.565505 0.425552 0.565434 0.426340 0.565505 0.427098 0.565718 0.427797 0.566062 0.428409 0.566526 0.428912 0.567091 0.429285 0.567736 0.429515 0.568436
0 0.421511 0.574759 0.421439 0.575608 0.421227 0.576424 0.420882 0.577177 0.420418 0.577836 0.419853 0.578378 0.419208 0.578780 0.418508 0.579027 0.417781 0.579111 0.417053 0.579027 0.416353 0.578780 0.415708 0.578378 0.415143 0.577836 0.414679 0.577177 0.414334 0.576424 0.414122 0.575608 0.414050 0.574759 0.414122 0.573910 0.414334 0.573094 0.414679 0.572341 0.415143 0.571682 0.415708 0.571141 0.416353 0.570738 0.417053 0.570491 0.417781 0.570407 0.418508 0.570491 0.419208 0.570738 0.419853 0.571141 0.420418 0.571682 0.420882 0.572341 0.421227 0.573094 0.421439 0.573910
0 0.423998 0.493938 0.423908 0.494727 0.423643 0.495485 0.423212 0.496184 0.422632 0.496796 0.421925 0.497298 0.421119 0.497672 0.420244 0.497902 0.419335 0.497979 0.418425 0.497902 0.417550 0.497672 0.416744 0.497298 0.416038 0.496796 0.415458 0.496184 0.415027 0.495485 0.414762 0.494727 0.414672 0.493938 0.414762 0.493150 0.415027 0.492392 0.415458 0.491693 0.416038 0.491081 0.416744 0.490578 0.417550 0.490205 0.418425 0.489975 0.419335 0.489897 0.420244 0.489975 0.421119 0.490205 0.421925 0.490578 0.422632 0.491081 0.423212 0.491693 0.423643 0.492392 0.423908 0.493150
0 0.480835 0.195004 0.481204 0.192607 0.481728 0.190323 0.482386 0.188238 0.483154 0.186433 0.484002 0.184977 0.484898 0.183927 0.485806 0.183323 0.486692 0.183187 0.487522 0.183526 0.488265 0.184325 0.488891 0.185555 0.489376 0.187168 0.489702 0.189102 0.489857 0.191283 0.489834 0.193627 0.489634 0.196044 0.489265 0.198440 0.488741 0.200725 0.488083 0.202810 0.487315 0.204615 0.486467 0.206070 0.485572 0.207120 0.484664 0.207725 0.483777 0.207860 0.482947 0.207522 0.482205 0.206722 0.481579 0.205493 0.481093 0.203880 0.480767 0.201946 0.480613 0.199765 0.480636 0.197421
0 0.461921 0.130246 0.461831 0.130973 0.461566 0.131673 0.461135 0.132318 0.460555 0.132883 0.459849 0.133347 0.459043 0.133692 0.458168 0.133904 0.457258 0.133976 0.456349 0.133904 0.455474 0.133692 0.454668 0.133347 0.453961 0.132883 0.453381 0.132318 0.452951 0.131673 0.452685 0.130973 0.452596 0.130246 0.452685 0.129518 0.452951 0.128818 0.453381 0.128173 0.453961 0.127608 0.454668 0.127144 0.455474 0.126799 0.456349 0.126587 0.457258 0.126515 0.458168 0.126587 0.459043 0.126799 0.459849 0.127144 0.460555 0.127608 0.461135 0.128173 0.461566 0.128818 0.461831 0.129518
0 0.470625 0.129624 0.470577 0.130291 0.470436 0.130932 0.470206 0.131524 0.469896 0.132042 0.469520 0.132467 0.469090 0.132783 0.468623 0.132978 0.468138 0.133043 0.467653 0.132978 0.467186 0.132783 0.466756 0.132467 0.466380 0.132042 0.466070 0.131524 0.465841 0.130932 0.465699 0.130291 0.465651 0.129624 0.465699 0.128957 0.465841 0.128315 0.466070 0.127724 0.466380 0.127206 0.466756 0.126781 0.467186 0.126465 0.467653 0.126270 0.468138 0.126205 0.468623 0.126270 0.469090 0.126465 0.469520 0.126781 0.469896 0.127206 0.470206 0.127724 0.470436 0.128315 0.470577 0.128957
0 0.451663 0.135841 0.451609 0.136447 0.451450 0.137030 0.451192 0.137568 0.450844 0.138039 0.450420 0.138425 0.449936 0.138713 0.449411 0.138890 0.448865 0.138949 0.448320 0.138890 0.447795 0.138713 0.447311 0.138425 0.446887 0.138039 0.446539 0.137568 0.446281 0.137030 0.446122 0.136447 0.446068 0.135841 0.446122 0.135234 0.446281 0.134651 0.446539 0.134114 0.446887 0.133643 0.447311 0.133256 0.447795 0.132969 0.448320 0.132792 0.448865 0.132732 0.449411 0.132792 0.449936 0.132969 0.450420 0.133256 0.450844 0.133643 0.451192 0.134114 0.451450 0.134651 0.451609 0.135234
0 0.466628 0.113407 0.466570 0.113930 0.466225 0.114482 0.465608 0.115042 0.464741 0.115590 0.463659 0.116104 0.462402 0.116563 0.461019 0.116952 0.459564 0.117254 0.458091 0.117457 0.456658 0.117555 0.455320 0.117544 0.454128 0.117423 0.453128 0.117198 0.452358 0.116876 0.451849 0.116472 0.451619 0.115999 0.451677 0.115477 0.452021 0.114924 0.452639 0.114364 0.453505 0.113816 0.454588 0.113303 0.455845 0.112843 0.457227 0.112455 0.458683 0.112153 0.460156 0.111949 0.461588 0.111851 0.462927 0.111863 0.464119 0.111983 0.465119 0.112209 0.465888 0.112530 0.466398 0.112935
0 0.647594 0.156782 0.647698 0.157376 0.647399 0.158207 0.646711 0.159241 0.645658 0.160439 0.644282 0.161755 0.642635 0.163139 0.640780 0.164536 0.638790 0.165894 0.636740 0.167160 0.634710 0.168286 0.632776 0.169228 0.631014 0.169950 0.629492 0.170424 0.628267 0.170633 0.627387 0.170568 0.626885 0.170231 0.626782 0.169636 0.627080 0.168806 0.627769 0.167772 0.628822 0.166573 0.630198 0.165257 0.631845 0.163874 0.633699 0.162477 0.635689 0.161119 0.637739 0.159853 0.639770 0.158727 0.641703 0.157785 0.643465 0.157063 0.644988 0.156588 0.646213 0.156380 0.647093 0.156445
0 0.640267 0.160580 0.640531 0.159793 0.641111 0.159076 0.641983 0.158458 0.643116 0.157963 0.644464 0.157609 0.645977 0.157410 0.647596 0.157373 0.649260 0.157500 0.650903 0.157787 0.652463 0.158222 0.653880 0.158788 0.655100 0.159464 0.656075 0.160223 0.656769 0.161037 0.657153 0.161874 0.657215 0.162703 0.656951 0.163490 0.656372 0.164206 0.655499 0.164824 0.654366 0.165320 0.653018 0.165674 0.651505 0.165873 0.649886 0.165910 0.648222 0.165782 0.646579 0.165495 0.645019 0.165061 0.643602 0.164495 0.642382 0.163819 0.641407 0.163059 0.640714 0.162245 0.640329 0.161408
0 0.614237 0.185577 0.614159 0.186547 0.613929 0.187480 0.613556 0.188340 0.613053 0.189093 0.612441 0.189712 0.611742 0.190172 0.610984 0.190455 0.610196 0.190550 0.609407 0.190455 0.608649 0.190172 0.607951 0.189712 0.607338 0.189093 0.606836 0.188340 0.606462 0.187480 0.606232 0.186547 0.606155 0.185577 0.606232 0.184606 0.606462 0.183673 0.606836 0.182813 0.607338 0.182060 0.607951 0.181441 0.608649 0.180982 0.609407 0.180699 0.610196 0.180603 0.610984 0.180699 0.611742 0.180982 0.612441 0.181441 0.613053 0.182060 0.613556 0.182813 0.613929 0.183673 0.614159 0.184606
0 0.617902 0.153043 0.618018 0.152372 0.618765 0.151495 0.620115 0.150448 0.622015 0.149269 0.624393 0.148004 0.627157 0.146701 0.630200 0.145412 0.633407 0.144184 0.636654 0.143066 0.639816 0.142101 0.642771 0.141325 0.645406 0.140768 0.647620 0.140452 0.649327 0.140388 0.650462 0.140580 0.650982 0.141020 0.650866 0.141691 0.650119 0.142567 0.648769 0.143615 0.646869 0.144794 0.644491 0.146059 0.641728 0.147361 0.638684 0.148651 0.635477 0.149878 0.632230 0.150996 0.629068 0.151962 0.626113 0.152738 0.623478 0.153295 0.621264 0.153611 0.619557 0.153675 0.618422 0.153482
0 0.786136 0.284116 0.785825 0.288157 0.785514 0.291265 0.790488 0.291265 0.793597 0.288157 0.794218 0.285981 0.796705 0.283805 0.800435 0.283805 0.801368 0.281007 0.792664 0.274479 0.782717 0.274168 0.776189 0.277277 0.771526 0.280385 0.773702 0.283805 0.786447 0.284426
0 0.740441 0.341312 0.736711 0.345042 0.735157 0.347529 0.737955 0.349705 0.741685 0.349705 0.746969 0.348150 0.752254 0.347529 0.756295 0.347218 0.759714 0.345042 0.761268 0.342244 0.766553 0.339136 0.768418 0.337271 0.765309 0.331675 0.761268 0.333230 0.756295 0.331986 0.752254 0.334162 0.748834 0.336027 0.745726 0.337582 0.742617 0.339136 0.739509 0.342244
0 0.851104 0.458191 0.860429 0.461610 0.869133 0.464408 0.870376 0.459434 0.864470 0.450420 0.852347 0.446379 0.842400 0.447622 0.838048 0.451352 0.851725 0.458191
0 
0 
0 
0 
0 
0 0.162885 0.348150 0.170656 0.351570 0.178116 0.345975 0.179671 0.340068 0.182779 0.334473 0.179981 0.331365 0.170656 0.330121 0.162263 0.333230 0.156979 0.338514 0.152316 0.345353 0.151694 0.354057 0.156979 0.354678 0.163196 0.347840
0 0.334473 0.230339 0.328256 0.228163 0.323593 0.231582 0.326391 0.238732 0.329810 0.244638 0.335095 0.251166 0.341001 0.248990 0.340379 0.242773 0.336960 0.235623 0.334473 0.230028
0 0.405657 0.251166 0.405036 0.255207 0.410320 0.254585 0.408766 0.251166 0.405347 0.251477
0 0.367423 0.815356 0.368666 0.823749 0.361517 0.827790 0.357476 0.823438 0.356233 0.813802 0.360584 0.810693 0.365558 0.810071 0.368045 0.816599
0 0.351259 0.819086 0.349083 0.823749 0.353746 0.829033 0.359341 0.827168 0.355300 0.819708 0.350637 0.819397
0 0.522847 0.843021 0.520361 0.851414 0.516320 0.854212 0.508548 0.853901 0.506994 0.849238 0.511346 0.840846 0.521604 0.839913 0.522847 0.843021
0 0.182157 0.511968 0.182050 0.512877 0.181731 0.513752 0.181214 0.514558 0.180518 0.515265 0.179671 0.515845 0.178703 0.516275 0.177654 0.516541 0.176562 0.516630 0.175470 0.516541 0.174421 0.516275 0.173453 0.515845 0.172606 0.515265 0.171910 0.514558 0.171393 0.513752 0.171074 0.512877 0.170967 0.511968 0.171074 0.511058 0.171393 0.510183 0.171910 0.509377 0.172606 0.508671 0.173453 0.508091 0.174421 0.507660 0.175470 0.507395 0.176562 0.507305 0.177654 0.507395 0.178703 0.507660 0.179671 0.508091 0.180518 0.508671 0.181214 0.509377 0.181731 0.510183 0.182050 0.511058
0 0.172521 0.510724 0.172449 0.511391 0.172237 0.512033 0.171892 0.512624 0.171428 0.513142 0.170863 0.513567 0.170218 0.513883 0.169519 0.514078 0.168791 0.514144 0.168063 0.514078 0.167363 0.513883 0.166718 0.513567 0.166153 0.513142 0.165689 0.512624 0.165345 0.512033 0.165132 0.511391 0.165061 0.510724 0.165132 0.510057 0.165345 0.509416 0.165689 0.508825 0.166153 0.508306 0.166718 0.507881 0.167363 0.507565 0.168063 0.507371 0.168791 0.507305 0.169519 0.507371 0.170218 0.507565 0.170863 0.507881 0.171428 0.508306 0.171892 0.508825 0.172237 0.509416 0.172449 0.510057
0 0.135530 0.532795 0.139882 0.529375 0.138949 0.525023 0.134908 0.523469 0.134908 0.518495 0.131489 0.516941 0.127448 0.519428 0.124029 0.522537 0.125583 0.525645 0.129313 0.525956 0.131489 0.525956 0.130556 0.528753 0.126826 0.528753 0.123096 0.528132 0.121231 0.531240 0.121231 0.534038 0.121231 0.539944 0.122785 0.543985 0.126826 0.546783 0.130867 0.542742 0.133354 0.539944
0 0.169102 0.553932 0.164750 0.557973 0.161641 0.561703 0.161641 0.564501 0.165371 0.565744 0.168169 0.564190 0.170656 0.561393 0.173143 0.558906 0.173764 0.555797 0.173143 0.554243
0 0.205160 0.588126 0.202984 0.584706 0.198011 0.585328 0.196456 0.589369 0.198632 0.592167 0.202052 0.594032 0.204849 0.591856 0.205782 0.589991
0 0.330121 0.685421 0.324837 0.686665 0.323904 0.691638 0.325459 0.694747 0.328256 0.697233 0.332608 0.696301 0.334473 0.695679 0.336027 0.692260 0.334784 0.689151
0 0.319552 0.695990 0.317998 0.699720 0.319863 0.702829 0.323904 0.704072 0.327945 0.702518 0.327945 0.698788 0.327013 0.696301 0.322972 0.695058
0 0.197389 0.693192 0.200808 0.699409 0.201741 0.702829 0.199254 0.707181 0.197078 0.712465 0.193348 0.715884 0.189307 0.718060 0.186509 0.714952 0.184955 0.710911 0.185266 0.704694 0.186509 0.701274 0.187131 0.696923 0.189307 0.692260 0.194280 0.690084
0 0.239664 0.713398 0.236556 0.718682 0.240597 0.722412 0.244949 0.721480 0.246814 0.716506 0.244638 0.712465
0 0.221946 0.672676 0.223189 0.668946 0.219459 0.666770 0.215729 0.669257 0.215107 0.674231 0.220392 0.674541
0 0.445135 0.774013 0.441405 0.774946 0.441405 0.778676 0.443581 0.781473 0.446689 0.778987 0.448865 0.775256
0 0.430525 0.767485 0.428039 0.774013 0.432080 0.775256 0.436121 0.773702 0.437053 0.769350 0.433634 0.767485
0 0.278520 0.511346 0.279142 0.515076 0.275412 0.516941 0.272925 0.513211 0.272925 0.510724 0.277899 0.509792
0 0.152037 0.331571 0.151345 0.332244 0.150606 0.332824 0.149849 0.333288 0.149103 0.333618 0.148398 0.333802 0.147759 0.333833 0.147212 0.333709 0.146777 0.333435 0.146471 0.333022 0.146307 0.332485 0.146290 0.331846 0.146420 0.331128 0.146694 0.330360 0.147100 0.329571 0.147623 0.328791 0.148243 0.328050 0.148935 0.327377 0.149674 0.326797 0.150431 0.326333 0.151176 0.326003 0.151882 0.325819 0.152521 0.325788 0.153068 0.325912 0.153503 0.326186 0.153808 0.326599 0.153973 0.327135 0.153990 0.327775 0.153859 0.328492 0.153586 0.329260 0.153180 0.330050 0.152657 0.330830
0 0.700964 0.414050 0.700910 0.414717 0.700751 0.415359 0.700492 0.415950 0.700144 0.416468 0.699720 0.416893 0.699237 0.417209 0.698712 0.417404 0.698166 0.417470 0.697620 0.417404 0.697095 0.417209 0.696612 0.416893 0.696188 0.416468 0.695840 0.415950 0.695581 0.415359 0.695422 0.414717 0.695368 0.414050 0.695422 0.413383 0.695581 0.412742 0.695840 0.412151 0.696188 0.411633 0.696612 0.411207 0.697095 0.410891 0.697620 0.410697 0.698166 0.410631 0.698712 0.410697 0.699237 0.410891 0.699720 0.411207 0.700144 0.411633 0.700492 0.412151 0.700751 0.412742 0.700910 0.413383
0 0.694747 0.412807 0.694687 0.413353 0.694510 0.413878 0.694223 0.414361 0.693836 0.414785 0.693365 0.415133 0.692828 0.415392 0.692245 0.415551 0.691638 0.415605 0.691032 0.415551 0.690449 0.415392 0.689911 0.415133 0.689440 0.414785 0.689054 0.414361 0.688766 0.413878 0.688589 0.413353 0.688530 0.412807 0.688589 0.412261 0.688766 0.411736 0.689054 0.411253 0.689440 0.410829 0.689911 0.410481 0.690449 0.410222 0.691032 0.410063 0.691638 0.410009 0.692245 0.410063 0.692828 0.410222 0.693365 0.410481 0.693836 0.410829 0.694223 0.411253 0.694510 0.411736 0.694687 0.412261
0 0.360274 0.610818 0.360208 0.611485 0.360013 0.612126 0.359697 0.612717 0.359272 0.613235 0.358754 0.613661 0.358163 0.613977 0.357521 0.614171 0.356854 0.614237 0.356187 0.614171 0.355546 0.613977 0.354955 0.613661 0.354436 0.613235 0.354011 0.612717 0.353695 0.612126 0.353501 0.611485 0.353435 0.610818 0.353501 0.610150 0.353695 0.609509 0.354011 0.608918 0.354436 0.608400 0.354955 0.607974 0.355546 0.607658 0.356187 0.607464 0.356854 0.607398 0.357521 0.607464 0.358163 0.607658 0.358754 0.607974 0.359272 0.608400 0.359697 0.608918 0.360013 0.609509 0.360208 0.610150
0 0.349083 0.614237 0.349017 0.614904 0.348823 0.615545 0.348507 0.616137 0.348081 0.616655 0.347563 0.617080 0.346972 0.617396 0.346331 0.617590 0.345664 0.617656 0.344997 0.617590 0.344355 0.617396 0.343764 0.617080 0.343246 0.616655 0.342821 0.616137 0.342505 0.615545 0.342310 0.614904 0.342244 0.614237 0.342310 0.613570 0.342505 0.612928 0.342821 0.612337 0.343246 0.611819 0.343764 0.611394 0.344355 0.611078 0.344997 0.610883 0.345664 0.610818 0.346331 0.610883 0.346972 0.611078 0.347563 0.611394 0.348081 0.611819 0.348507 0.612337 0.348823 0.612928 0.349017 0.613570
0 0.375816 0.606155 0.375744 0.606883 0.375532 0.607582 0.375187 0.608227 0.374723 0.608792 0.374158 0.609256 0.373513 0.609601 0.372814 0.609813 0.372086 0.609885 0.371358 0.609813 0.370658 0.609601 0.370013 0.609256 0.369448 0.608792 0.368984 0.608227 0.368640 0.607582 0.368427 0.606883 0.368356 0.606155 0.368427 0.605427 0.368640 0.604727 0.368984 0.604082 0.369448 0.603517 0.370013 0.603053 0.370658 0.602709 0.371358 0.602496 0.372086 0.602425 0.372814 0.602496 0.373513 0.602709 0.374158 0.603053 0.374723 0.603517 0.375187 0.604082 0.375532 0.604727 0.375744 0.605427
0 0.384209 0.599938 0.384149 0.600544 0.383972 0.601127 0.383685 0.601665 0.383298 0.602136 0.382827 0.602522 0.382290 0.602810 0.381707 0.602987 0.381100 0.603046 0.380494 0.602987 0.379911 0.602810 0.379373 0.602522 0.378902 0.602136 0.378516 0.601665 0.378229 0.601127 0.378052 0.600544 0.377992 0.599938 0.378052 0.599331 0.378229 0.598748 0.378516 0.598211 0.378902 0.597740 0.379373 0.597353 0.379911 0.597066 0.380494 0.596889 0.381100 0.596829 0.381707 0.596889 0.382290 0.597066 0.382827 0.597353 0.383298 0.597740 0.383685 0.598211 0.383972 0.598748 0.384149 0.599331
0 0.388561 0.594343 0.388519 0.594767 0.388395 0.595175 0.388194 0.595551 0.387923 0.595881 0.387594 0.596152 0.387218 0.596353 0.386809 0.596477 0.386385 0.596518 0.385960 0.596477 0.385552 0.596353 0.385176 0.596152 0.384846 0.595881 0.384576 0.595551 0.384375 0.595175 0.384251 0.594767 0.384209 0.594343 0.384251 0.593918 0.384375 0.593510 0.384576 0.593134 0.384846 0.592804 0.385176 0.592533 0.385552 0.592332 0.385960 0.592208 0.386385 0.592167 0.386809 0.592208 0.387218 0.592332 0.387594 0.592533 0.387923 0.592804 0.388194 0.593134 0.388395 0.593510 0.388519 0.593918
0 0.368356 0.605222 0.368284 0.605889 0.368072 0.606531 0.367727 0.607122 0.367263 0.607640 0.366698 0.608065 0.366053 0.608381 0.365353 0.608576 0.364625 0.608642 0.363898 0.608576 0.363198 0.608381 0.362553 0.608065 0.361988 0.607640 0.361524 0.607122 0.361179 0.606531 0.360967 0.605889 0.360895 0.605222 0.360967 0.604555 0.361179 0.603914 0.361524 0.603323 0.361988 0.602804 0.362553 0.602379 0.363198 0.602063 0.363898 0.601869 0.364625 0.601803 0.365353 0.601869 0.366053 0.602063 0.366698 0.602379 0.367263 0.602804 0.367727 0.603323 0.368072 0.603914 0.368284 0.604555
0 0.338514 0.697855 0.338436 0.698583 0.338207 0.699283 0.337833 0.699928 0.337331 0.700493 0.336718 0.700957 0.336020 0.701301 0.335261 0.701514 0.334473 0.701585 0.333685 0.701514 0.332927 0.701301 0.332228 0.700957 0.331616 0.700493 0.331113 0.699928 0.330740 0.699283 0.330510 0.698583 0.330432 0.697855 0.330510 0.697127 0.330740 0.696428 0.331113 0.695783 0.331616 0.695218 0.332228 0.694754 0.332927 0.694409 0.333685 0.694197 0.334473 0.694125 0.335261 0.694197 0.336020 0.694409 0.336718 0.694754 0.337331 0.695218 0.337833 0.695783 0.338207 0.696428 0.338436 0.697127
0 0.340690 0.694747 0.340624 0.695292 0.340430 0.695817 0.340114 0.696301 0.339689 0.696725 0.339170 0.697073 0.338579 0.697331 0.337938 0.697491 0.337271 0.697544 0.336604 0.697491 0.335962 0.697331 0.335371 0.697073 0.334853 0.696725 0.334428 0.696301 0.334112 0.695817 0.333917 0.695292 0.333851 0.694747 0.333917 0.694201 0.334112 0.693676 0.334428 0.693192 0.334853 0.692768 0.335371 0.692421 0.335962 0.692162 0.336604 0.692003 0.337271 0.691949 0.337938 0.692003 0.338579 0.692162 0.339170 0.692421 0.339689 0.692768 0.340114 0.693192 0.340430 0.693676 0.340624 0.694201
0 0.321417 0.682313 0.321334 0.683283 0.321086 0.684216 0.320684 0.685076 0.320143 0.685830 0.319483 0.686448 0.318731 0.686908 0.317915 0.687191 0.317066 0.687286 0.316217 0.687191 0.315400 0.686908 0.314648 0.686448 0.313988 0.685830 0.313447 0.685076 0.313045 0.684216 0.312797 0.683283 0.312714 0.682313 0.312797 0.681342 0.313045 0.680409 0.313447 0.679550 0.313988 0.678796 0.314648 0.678177 0.315400 0.677718 0.316217 0.677435 0.317066 0.677339 0.317915 0.677435 0.318731 0.677718 0.319483 0.678177 0.320143 0.678796 0.320684 0.679550 0.321086 0.680409 0.321334 0.681342
0 0.307118 0.677028 0.307029 0.677817 0.306764 0.678575 0.306333 0.679273 0.305753 0.679886 0.305046 0.680388 0.304240 0.680762 0.303365 0.680992 0.302456 0.681069 0.301546 0.680992 0.300671 0.680762 0.299865 0.680388 0.299159 0.679886 0.298579 0.679273 0.298148 0.678575 0.297883 0.677817 0.297793 0.677028 0.297883 0.676240 0.298148 0.675482 0.298579 0.674783 0.299159 0.674171 0.299865 0.673668 0.300671 0.673295 0.301546 0.673065 0.302456 0.672987 0.303365 0.673065 0.304240 0.673295 0.305046 0.673668 0.305753 0.674171 0.306333 0.674783 0.306764 0.675482 0.307029 0.676240
0 0.314268 0.674541 0.314202 0.675087 0.314008 0.675612 0.313692 0.676096 0.313266 0.676520 0.312748 0.676868 0.312157 0.677126 0.311516 0.677285 0.310849 0.677339 0.310182 0.677285 0.309540 0.677126 0.308949 0.676868 0.308431 0.676520 0.308006 0.676096 0.307690 0.675612 0.307495 0.675087 0.307429 0.674541 0.307495 0.673996 0.307690 0.673471 0.308006 0.672987 0.308431 0.672563 0.308949 0.672215 0.309540 0.671957 0.310182 0.671798 0.310849 0.671744 0.311516 0.671798 0.312157 0.671957 0.312748 0.672215 0.313266 0.672563 0.313692 0.672987 0.314008 0.673471 0.314202 0.673996
0 0.309605 0.672366 0.309528 0.672972 0.309298 0.673555 0.308924 0.674093 0.308422 0.674564 0.307809 0.674950 0.307111 0.675237 0.306353 0.675414 0.305564 0.675474 0.304776 0.675414 0.304018 0.675237 0.303319 0.674950 0.302707 0.674564 0.302204 0.674093 0.301831 0.673555 0.301601 0.672972 0.301523 0.672366 0.301601 0.671759 0.301831 0.671176 0.302204 0.670639 0.302707 0.670168 0.303319 0.669781 0.304018 0.669494 0.304776 0.669317 0.305564 0.669257 0.306353 0.669317 0.307111 0.669494 0.307809 0.669781 0.308422 0.670168 0.308924 0.670639 0.309298 0.671176 0.309528 0.671759
0 0.307740 0.685110 0.307668 0.685838 0.307456 0.686538 0.307111 0.687183 0.306648 0.687748 0.306082 0.688212 0.305437 0.688557 0.304738 0.688769 0.304010 0.688841 0.303282 0.688769 0.302582 0.688557 0.301938 0.688212 0.301372 0.687748 0.300908 0.687183 0.300564 0.686538 0.300351 0.685838 0.300280 0.685110 0.300351 0.684383 0.300564 0.683683 0.300908 0.683038 0.301372 0.682473 0.301938 0.682009 0.302582 0.681664 0.303282 0.681452 0.304010 0.681380 0.304738 0.681452 0.305437 0.681664 0.306082 0.682009 0.306648 0.682473 0.307111 0.683038 0.307456 0.683683 0.307668 0.684383
0 0.319863 0.700964 0.319815 0.701509 0.319674 0.702034 0.319444 0.702518 0.319135 0.702942 0.318758 0.703290 0.318328 0.703548 0.317862 0.703708 0.317376 0.703761 0.316891 0.703708 0.316425 0.703548 0.315995 0.703290 0.315618 0.702942 0.315309 0.702518 0.315079 0.702034 0.314937 0.701509 0.314890 0.700964 0.314937 0.700418 0.315079 0.699893 0.315309 0.699409 0.315618 0.698985 0.315995 0.698637 0.316425 0.698379 0.316891 0.698220 0.317376 0.698166 0.317862 0.698220 0.318328 0.698379 0.318758 0.698637 0.319135 0.698985 0.319444 0.699409 0.319674 0.699893 0.319815 0.700418
0 0.328256 0.681380 0.328208 0.681805 0.328067 0.682213 0.327837 0.682589 0.327528 0.682919 0.327151 0.683189 0.326721 0.683390 0.326254 0.683514 0.325769 0.683556 0.325284 0.683514 0.324818 0.683390 0.324388 0.683189 0.324011 0.682919 0.323702 0.682589 0.323472 0.682213 0.323330 0.681805 0.323283 0.681380 0.323330 0.680956 0.323472 0.680547 0.323702 0.680171 0.324011 0.679842 0.324388 0.679571 0.324818 0.679370 0.325284 0.679246 0.325769 0.679204 0.326254 0.679246 0.326721 0.679370 0.327151 0.679571 0.327528 0.679842 0.327837 0.680171 0.328067 0.680547 0.328208 0.680956
0 0.334162 0.682002 0.334114 0.682487 0.333973 0.682954 0.333743 0.683383 0.333434 0.683760 0.333057 0.684070 0.332627 0.684299 0.332161 0.684441 0.331675 0.684489 0.331190 0.684441 0.330724 0.684299 0.330294 0.684070 0.329917 0.683760 0.329608 0.683383 0.329378 0.682954 0.329236 0.682487 0.329189 0.682002 0.329236 0.681517 0.329378 0.681050 0.329608 0.680620 0.329917 0.680243 0.330294 0.679934 0.330724 0.679704 0.331190 0.679563 0.331675 0.679515 0.332161 0.679563 0.332627 0.679704 0.333057 0.679934 0.333434 0.680243 0.333743 0.680620 0.333973 0.681050 0.334114 0.681517
0 0.336960 0.683245 0.336918 0.683670 0.336794 0.684078 0.336593 0.684454 0.336323 0.684784 0.335993 0.685054 0.335617 0.685256 0.335208 0.685379 0.334784 0.685421 0.334359 0.685379 0.333951 0.685256 0.333575 0.685054 0.333245 0.684784 0.332975 0.684454 0.332774 0.684078 0.332650 0.683670 0.332608 0.683245 0.332650 0.682821 0.332774 0.682413 0.332975 0.682036 0.333245 0.681707 0.333575 0.681436 0.333951 0.681235 0.334359 0.681111 0.334784 0.681069 0.335208 0.681111 0.335617 0.681235 0.335993 0.681436 0.336323 0.681707 0.336593 0.682036 0.336794 0.682413 0.336918 0.682821
0 0.312092 0.692571 0.312020 0.693056 0.311808 0.693522 0.311463 0.693952 0.310999 0.694329 0.310434 0.694638 0.309789 0.694868 0.309090 0.695010 0.308362 0.695058 0.307634 0.695010 0.306934 0.694868 0.306289 0.694638 0.305724 0.694329 0.305260 0.693952 0.304916 0.693522 0.304703 0.693056 0.304632 0.692571 0.304703 0.692086 0.304916 0.691619 0.305260 0.691189 0.305724 0.690812 0.306289 0.690503 0.306934 0.690273 0.307634 0.690132 0.308362 0.690084 0.309090 0.690132 0.309789 0.690273 0.310434 0.690503 0.310999 0.690812 0.311463 0.691189 0.311808 0.691619 0.312020 0.692086
0 0.308362 0.698477 0.308284 0.699265 0.308054 0.700023 0.307681 0.700722 0.307178 0.701334 0.306566 0.701837 0.305867 0.702210 0.305109 0.702440 0.304321 0.702518 0.303532 0.702440 0.302774 0.702210 0.302076 0.701837 0.301463 0.701334 0.300961 0.700722 0.300587 0.700023 0.300357 0.699265 0.300280 0.698477 0.300357 0.697688 0.300587 0.696930 0.300961 0.696232 0.301463 0.695619 0.302076 0.695117 0.302774 0.694743 0.303532 0.694513 0.304321 0.694436 0.305109 0.694513 0.305867 0.694743 0.306566 0.695117 0.307178 0.695619 0.307681 0.696232 0.308054 0.696930 0.308284 0.697688
0 0.262045 0.718060 0.261974 0.718788 0.261761 0.719488 0.261417 0.720133 0.260953 0.720698 0.260388 0.721162 0.259743 0.721507 0.259043 0.721719 0.258315 0.721790 0.257587 0.721719 0.256888 0.721507 0.256243 0.721162 0.255678 0.720698 0.255214 0.720133 0.254869 0.719488 0.254657 0.718788 0.254585 0.718060 0.254657 0.717333 0.254869 0.716633 0.255214 0.715988 0.255678 0.715423 0.256243 0.714959 0.256888 0.714614 0.257587 0.714402 0.258315 0.714330 0.259043 0.714402 0.259743 0.714614 0.260388 0.714959 0.260953 0.715423 0.261417 0.715988 0.261761 0.716633 0.261974 0.717333
0 0.437675 0.778054 0.437609 0.778539 0.437415 0.779006 0.437099 0.779436 0.436673 0.779813 0.436155 0.780122 0.435564 0.780352 0.434923 0.780493 0.434256 0.780541 0.433588 0.780493 0.432947 0.780352 0.432356 0.780122 0.431838 0.779813 0.431412 0.779436 0.431096 0.779006 0.430902 0.778539 0.430836 0.778054 0.430902 0.777569 0.431096 0.777102 0.431412 0.776673 0.431838 0.776296 0.432356 0.775986 0.432947 0.775757 0.433588 0.775615 0.434256 0.775567 0.434923 0.775615 0.435564 0.775757 0.436155 0.775986 0.436673 0.776296 0.437099 0.776673 0.437415 0.777102 0.437609 0.777569
0 0.442338 0.773081 0.442272 0.773566 0.442077 0.774032 0.441761 0.774462 0.441336 0.774839 0.440818 0.775148 0.440227 0.775378 0.439585 0.775520 0.438918 0.775567 0.438251 0.775520 0.437610 0.775378 0.437019 0.775148 0.436500 0.774839 0.436075 0.774462 0.435759 0.774032 0.435565 0.773566 0.435499 0.773081 0.435565 0.772595 0.435759 0.772129 0.436075 0.771699 0.436500 0.771322 0.437019 0.771013 0.437610 0.770783 0.438251 0.770642 0.438918 0.770594 0.439585 0.770642 0.440227 0.770783 0.440818 0.771013 0.441336 0.771322 0.441761 0.771699 0.442077 0.772129 0.442272 0.772595
0 0.384520 0.822816 0.384454 0.823423 0.384259 0.824006 0.383943 0.824543 0.383518 0.825014 0.383000 0.825401 0.382409 0.825688 0.381767 0.825865 0.381100 0.825925 0.380433 0.825865 0.379792 0.825688 0.379201 0.825401 0.378683 0.825014 0.378257 0.824543 0.377941 0.824006 0.377747 0.823423 0.377681 0.822816 0.377747 0.822210 0.377941 0.821627 0.378257 0.821089 0.378683 0.820618 0.379201 0.820232 0.379792 0.819944 0.380433 0.819768 0.381100 0.819708 0.381767 0.819768 0.382409 0.819944 0.383000 0.820232 0.383518 0.820618 0.383943 0.821089 0.384259 0.821627 0.384454 0.822210
0 0.516009 0.868511 0.515967 0.868936 0.515843 0.869344 0.515642 0.869720 0.515371 0.870050 0.515042 0.870320 0.514665 0.870521 0.514257 0.870645 0.513833 0.870687 0.513408 0.870645 0.513000 0.870521 0.512624 0.870320 0.512294 0.870050 0.512024 0.869720 0.511822 0.869344 0.511699 0.868936 0.511657 0.868511 0.511699 0.868087 0.511822 0.867678 0.512024 0.867302 0.512294 0.866972 0.512624 0.866702 0.513000 0.866501 0.513408 0.866377 0.513833 0.866335 0.514257 0.866377 0.514665 0.866501 0.515042 0.866702 0.515371 0.866972 0.515642 0.867302 0.515843 0.867678 0.515967 0.868087
0 0.524712 0.874106 0.524653 0.874531 0.524476 0.874939 0.524189 0.875315 0.523802 0.875645 0.523331 0.875916 0.522794 0.876117 0.522210 0.876240 0.521604 0.876282 0.520998 0.876240 0.520414 0.876117 0.519877 0.875916 0.519406 0.875645 0.519019 0.875315 0.518732 0.874939 0.518555 0.874531 0.518495 0.874106 0.518555 0.873682 0.518732 0.873274 0.519019 0.872897 0.519406 0.872568 0.519877 0.872297 0.520414 0.872096 0.520998 0.871972 0.521604 0.871930 0.522210 0.871972 0.522794 0.872096 0.523331 0.872297 0.523802 0.872568 0.524189 0.872897 0.524476 0.873274 0.524653 0.873682
0 0.549891 0.863848 0.549831 0.864455 0.549655 0.865038 0.549367 0.865575 0.548981 0.866046 0.548510 0.866433 0.547972 0.866720 0.547389 0.866897 0.546783 0.866957 0.546176 0.866897 0.545593 0.866720 0.545056 0.866433 0.544585 0.866046 0.544198 0.865575 0.543911 0.865038 0.543734 0.864455 0.543674 0.863848 0.543734 0.863242 0.543911 0.862659 0.544198 0.862121 0.544585 0.861650 0.545056 0.861264 0.545593 0.860976 0.546176 0.860800 0.546783 0.860740 0.547389 0.860800 0.547972 0.860976 0.548510 0.861264 0.548981 0.861650 0.549367 0.862121 0.549655 0.862659 0.549831 0.863242
0 0.546161 0.858564 0.546119 0.858988 0.545995 0.859397 0.545794 0.859773 0.545524 0.860103 0.545194 0.860373 0.544818 0.860574 0.544410 0.860698 0.543985 0.860740 0.543561 0.860698 0.543152 0.860574 0.542776 0.860373 0.542446 0.860103 0.542176 0.859773 0.541975 0.859397 0.541851 0.858988 0.541809 0.858564 0.541851 0.858139 0.541975 0.857731 0.542176 0.857355 0.542446 0.857025 0.542776 0.856755 0.543152 0.856554 0.543561 0.856430 0.543985 0.856388 0.544410 0.856430 0.544818 0.856554 0.545194 0.856755 0.545524 0.857025 0.545794 0.857355 0.545995 0.857731 0.546119 0.858139
0 0.534970 0.867268 0.534917 0.867753 0.534758 0.868219 0.534499 0.868649 0.534151 0.869026 0.533727 0.869335 0.533243 0.869565 0.532719 0.869707 0.532173 0.869754 0.531627 0.869707 0.531102 0.869565 0.530619 0.869335 0.530195 0.869026 0.529847 0.868649 0.529588 0.868219 0.529429 0.867753 0.529375 0.867268 0.529429 0.866782 0.529588 0.866316 0.529847 0.865886 0.530195 0.865509 0.530619 0.865200 0.531102 0.864970 0.531627 0.864829 0.532173 0.864781 0.532719 0.864829 0.533243 0.864970 0.533727 0.865200 0.534151 0.865509 0.534499 0.865886 0.534758 0.866316 0.534917 0.866782
