0 0.293752 0.228163 0.293656 0.229800 0.293373 0.231375 0.292914 0.232826 0.292295 0.234098 0.291542 0.235141 0.290682 0.235917 0.289749 0.236395 0.288778 0.236556 0.287808 0.236395 0.286875 0.235917 0.286015 0.235141 0.285262 0.234098 0.284643 0.232826 0.284183 0.231375 0.283900 0.229800 0.283805 0.228163 0.283900 0.226526 0.284183 0.224951 0.284643 0.223500 0.285262 0.222228 0.286015 0.221184 0.286875 0.220409 0.287808 0.219931 0.288778 0.219770 0.289749 0.219931 0.290682 0.220409 0.291542 0.221184 0.292295 0.222228 0.292914 0.223500 0.293373 0.224951 0.293656 0.226526
0 0.414050 0.180603 0.413955 0.181573 0.413672 0.182506 0.413212 0.183366 0.412594 0.184120 0.411840 0.184738 0.410980 0.185198 0.410047 0.185481 0.409077 0.185577 0.408106 0.185481 0.407173 0.185198 0.406314 0.184738 0.405560 0.184120 0.404941 0.183366 0.404482 0.182506 0.404199 0.181573 0.404103 0.180603 0.404199 0.179633 0.404482 0.178700 0.404941 0.177840 0.405560 0.177086 0.406314 0.176468 0.407173 0.176008 0.408106 0.175725 0.409077 0.175629 0.410047 0.175725 0.410980 0.176008 0.411840 0.176468 0.412594 0.177086 0.413212 0.177840 0.413672 0.178700 0.413955 0.179633
0 0.509792 0.398508 0.509690 0.399539 0.509389 0.400530 0.508901 0.401444 0.508244 0.402245 0.507443 0.402902 0.506530 0.403390 0.505538 0.403691 0.504507 0.403792 0.503476 0.403691 0.502485 0.403390 0.501571 0.402902 0.500771 0.402245 0.500113 0.401444 0.499625 0.400530 0.499324 0.399539 0.499223 0.398508 0.499324 0.397477 0.499625 0.396486 0.500113 0.395572 0.500771 0.394771 0.501571 0.394114 0.502485 0.393626 0.503476 0.393325 0.504507 0.393224 0.505538 0.393325 0.506530 0.393626 0.507443 0.394114 0.508244 0.394771 0.508901 0.395572 0.509389 0.396486 0.509690 0.397477
0 0.516320 0.401927 0.516200 0.402898 0.515846 0.403831 0.515272 0.404690 0.514499 0.405444 0.513557 0.406063 0.512482 0.406522 0.511315 0.406805 0.510103 0.406901 0.508890 0.406805 0.507723 0.406522 0.506649 0.406063 0.505707 0.405444 0.504933 0.404690 0.504359 0.403831 0.504005 0.402898 0.503886 0.401927 0.504005 0.400957 0.504359 0.400024 0.504933 0.399164 0.505707 0.398410 0.506649 0.397792 0.507723 0.397332 0.508890 0.397049 0.510103 0.396954 0.511315 0.397049 0.512482 0.397332 0.513557 0.397792 0.514499 0.398410 0.515272 0.399164 0.515846 0.400024 0.516200 0.400957
0 0.516320 0.392602 0.516200 0.393572 0.515846 0.394505 0.515272 0.395365 0.514499 0.396119 0.513557 0.396737 0.512482 0.397197 0.511315 0.397480 0.510103 0.397575 0.508890 0.397480 0.507723 0.397197 0.506649 0.396737 0.505707 0.396119 0.504933 0.395365 0.504359 0.394505 0.504005 0.393572 0.503886 0.392602 0.504005 0.391632 0.504359 0.390698 0.504933 0.389839 0.505707 0.389085 0.506649 0.388466 0.507723 0.388007 0.508890 0.387724 0.510103 0.387628 0.511315 0.387724 0.512482 0.388007 0.513557 0.388466 0.514499 0.389085 0.515272 0.389839 0.515846 0.390698 0.516200 0.391632
0 0.520982 0.395710 0.520863 0.396741 0.520509 0.397733 0.519935 0.398646 0.519161 0.399447 0.518219 0.400104 0.517144 0.400592 0.515978 0.400893 0.514765 0.400995 0.513552 0.400893 0.512386 0.400592 0.511311 0.400104 0.510369 0.399447 0.509596 0.398646 0.509022 0.397733 0.508668 0.396741 0.508548 0.395710 0.508668 0.394679 0.509022 0.393688 0.509596 0.392774 0.510369 0.391974 0.511311 0.391316 0.512386 0.390828 0.513552 0.390527 0.514765 0.390426 0.515978 0.390527 0.517144 0.390828 0.518219 0.391316 0.519161 0.391974 0.519935 0.392774 0.520509 0.393688 0.520863 0.394679
0 0.525334 0.399440 0.525257 0.400289 0.525027 0.401106 0.524653 0.401858 0.524151 0.402518 0.523538 0.403059 0.522840 0.403461 0.522081 0.403709 0.521293 0.403792 0.520505 0.403709 0.519747 0.403461 0.519048 0.403059 0.518436 0.402518 0.517933 0.401858 0.517560 0.401106 0.517330 0.400289 0.517252 0.399440 0.517330 0.398591 0.517560 0.397775 0.517933 0.397023 0.518436 0.396363 0.519048 0.395822 0.519747 0.395420 0.520505 0.395172 0.521293 0.395089 0.522081 0.395172 0.522840 0.395420 0.523538 0.395822 0.524151 0.396363 0.524653 0.397023 0.525027 0.397775 0.525257 0.398591
0 0.726453 0.390426 0.726292 0.391881 0.725814 0.393281 0.725039 0.394571 0.723995 0.395701 0.722723 0.396629 0.721272 0.397318 0.719698 0.397743 0.718060 0.397886 0.716423 0.397743 0.714848 0.397318 0.713397 0.396629 0.712126 0.395701 0.711082 0.394571 0.710306 0.393281 0.709829 0.391881 0.709667 0.390426 0.709829 0.388970 0.710306 0.387571 0.711082 0.386281 0.712126 0.385151 0.713397 0.384223 0.714848 0.383533 0.716423 0.383109 0.718060 0.382965 0.719698 0.383109 0.721272 0.383533 0.722723 0.384223 0.723995 0.385151 0.725039 0.386281 0.725814 0.387571 0.726292 0.388970
0 0.719615 0.401616 0.719471 0.402769 0.719047 0.403877 0.718357 0.404898 0.717429 0.405793 0.716299 0.406527 0.715009 0.407073 0.713610 0.407409 0.712154 0.407523 0.710699 0.407409 0.709299 0.407073 0.708009 0.406527 0.706879 0.405793 0.705951 0.404898 0.705262 0.403877 0.704837 0.402769 0.704694 0.401616 0.704837 0.400464 0.705262 0.399356 0.705951 0.398335 0.706879 0.397440 0.708009 0.396706 0.709299 0.396160 0.710699 0.395824 0.712154 0.395710 0.713610 0.395824 0.715009 0.396160 0.716299 0.396706 0.717429 0.397440 0.718357 0.398335 0.719047 0.399356 0.719471 0.400464
0 0.821573 0.463786 0.821441 0.464817 0.821052 0.465808 0.820420 0.466722 0.819570 0.467523 0.818534 0.468180 0.817351 0.468668 0.816068 0.468969 0.814734 0.469071 0.813400 0.468969 0.812117 0.468668 0.810935 0.468180 0.809899 0.467523 0.809048 0.466722 0.808416 0.465808 0.808027 0.464817 0.807896 0.463786 0.808027 0.462755 0.808416 0.461764 0.809048 0.460850 0.809899 0.460049 0.810935 0.459392 0.812117 0.458904 0.813400 0.458603 0.814734 0.458502 0.816068 0.458603 0.817351 0.458904 0.818534 0.459392 0.819570 0.460049 0.820420 0.460850 0.821052 0.461764 0.821441 0.462755
0 0.261735 0.400684 0.261579 0.401654 0.261119 0.402587 0.260372 0.403447 0.259367 0.404201 0.258143 0.404819 0.256745 0.405279 0.255229 0.405562 0.253652 0.405657 0.252076 0.405562 0.250560 0.405279 0.249162 0.404819 0.247938 0.404201 0.246932 0.403447 0.246186 0.402587 0.245726 0.401654 0.245570 0.400684 0.245726 0.399714 0.246186 0.398781 0.246932 0.397921 0.247938 0.397167 0.249162 0.396548 0.250560 0.396089 0.252076 0.395806 0.253652 0.395710 0.255229 0.395806 0.256745 0.396089 0.258143 0.396548 0.259367 0.397167 0.260372 0.397921 0.261119 0.398781 0.261579 0.399714
0 0.413741 0.667466 0.412877 0.672210 0.411365 0.676698 0.409264 0.680756 0.406654 0.684228 0.403635 0.686983 0.400324 0.688912 0.396847 0.689943 0.393339 0.690036 0.389934 0.689187 0.386762 0.687428 0.383947 0.684828 0.381595 0.681486 0.379798 0.677531 0.378624 0.673115 0.378119 0.668406 0.378302 0.663588 0.379165 0.658844 0.380677 0.654356 0.382778 0.650298 0.385388 0.646825 0.388407 0.644071 0.391718 0.642142 0.395195 0.641111 0.398703 0.641018 0.402109 0.641867 0.405280 0.643626 0.408096 0.646226 0.410447 0.649568 0.412244 0.653523 0.413418 0.657939 0.413923 0.662647
0 0.187131 0.587815 0.187011 0.589210 0.186658 0.590551 0.186083 0.591787 0.185310 0.592870 0.184368 0.593759 0.183293 0.594420 0.182127 0.594827 0.180914 0.594964 0.179701 0.594827 0.178535 0.594420 0.177460 0.593759 0.176518 0.592870 0.175745 0.591787 0.175170 0.590551 0.174816 0.589210 0.174697 0.587815 0.174816 0.586420 0.175170 0.585079 0.175745 0.583843 0.176518 0.582759 0.177460 0.581870 0.178535 0.581209 0.179701 0.580803 0.180914 0.580665 0.182127 0.580803 0.183293 0.581209 0.184368 0.581870 0.185310 0.582759 0.186083 0.583843 0.186658 0.585079 0.187011 0.586420
0 0.163817 0.575381 0.163578 0.577018 0.162871 0.578593 0.161722 0.580044 0.160175 0.581315 0.158291 0.582359 0.156142 0.583135 0.153809 0.583612 0.151383 0.583774 0.148958 0.583612 0.146625 0.583135 0.144475 0.582359 0.142591 0.581315 0.141045 0.580044 0.139896 0.578593 0.139188 0.577018 0.138949 0.575381 0.139188 0.573743 0.139896 0.572169 0.141045 0.570718 0.142591 0.569446 0.144475 0.568402 0.146625 0.567627 0.148958 0.567149 0.151383 0.566988 0.153809 0.567149 0.156142 0.567627 0.158291 0.568402 0.160175 0.569446 0.161722 0.570718 0.162871 0.572169 0.163578 0.573743
0 0.159465 0.566055 0.159346 0.566904 0.158992 0.567721 0.158418 0.568473 0.157644 0.569133 0.156702 0.569674 0.155628 0.570076 0.154461 0.570324 0.153248 0.570407 0.152035 0.570324 0.150869 0.570076 0.149794 0.569674 0.148852 0.569133 0.148079 0.568473 0.147505 0.567721 0.147151 0.566904 0.147031 0.566055 0.147151 0.565206 0.147505 0.564390 0.148079 0.563638 0.148852 0.562978 0.149794 0.562437 0.150869 0.562035 0.152035 0.561787 0.153248 0.561703 0.154461 0.561787 0.155628 0.562035 0.156702 0.562437 0.157644 0.562978 0.158418 0.563638 0.158992 0.564390 0.159346 0.565206
0 0.160709 0.559838 0.160625 0.560809 0.160377 0.561742 0.159975 0.562602 0.159434 0.563355 0.158775 0.563974 0.158022 0.564433 0.157206 0.564716 0.156357 0.564812 0.155508 0.564716 0.154691 0.564433 0.153939 0.563974 0.153280 0.563355 0.152738 0.562602 0.152336 0.561742 0.152089 0.560809 0.152005 0.559838 0.152089 0.558868 0.152336 0.557935 0.152738 0.557075 0.153280 0.556322 0.153939 0.555703 0.154691 0.555243 0.155508 0.554960 0.156357 0.554865 0.157206 0.554960 0.158022 0.555243 0.158775 0.555703 0.159434 0.556322 0.159975 0.557075 0.160377 0.557935 0.160625 0.558868
0 0.389493 0.695058 0.389362 0.696210 0.388973 0.697318 0.388341 0.698339 0.387490 0.699234 0.386454 0.699968 0.385272 0.700514 0.383989 0.700850 0.382655 0.700964 0.381320 0.700850 0.380038 0.700514 0.378855 0.699968 0.377819 0.699234 0.376969 0.698339 0.376337 0.697318 0.375947 0.696210 0.375816 0.695058 0.375947 0.693905 0.376337 0.692797 0.376969 0.691776 0.377819 0.690881 0.378855 0.690147 0.380038 0.689601 0.381320 0.689265 0.382655 0.689151 0.383989 0.689265 0.385272 0.689601 0.386454 0.690147 0.387490 0.690881 0.388341 0.691776 0.388973 0.692797 0.389362 0.693905
0 0.505477 0.739598 0.505600 0.740427 0.505442 0.741315 0.505009 0.742230 0.504318 0.743136 0.503395 0.743998 0.502276 0.744783 0.501004 0.745461 0.499628 0.746006 0.498201 0.746397 0.496776 0.746618 0.495410 0.746662 0.494155 0.746527 0.493058 0.746217 0.492163 0.745745 0.491503 0.745129 0.491104 0.744393 0.490981 0.743565 0.491139 0.742676 0.491572 0.741761 0.492263 0.740855 0.493185 0.739993 0.494304 0.739208 0.495576 0.738530 0.496952 0.737985 0.498380 0.737595 0.499804 0.737373 0.501170 0.737329 0.502426 0.737465 0.503522 0.737774 0.504418 0.738246 0.505078 0.738862
0 0.495493 0.752254 0.495397 0.753285 0.495114 0.754276 0.494654 0.755190 0.494036 0.755990 0.493282 0.756647 0.492422 0.757136 0.491489 0.757437 0.490519 0.757538 0.489549 0.757437 0.488616 0.757136 0.487756 0.756647 0.487002 0.755990 0.486384 0.755190 0.485924 0.754276 0.485641 0.753285 0.485546 0.752254 0.485641 0.751223 0.485924 0.750231 0.486384 0.749318 0.487002 0.748517 0.487756 0.747860 0.488616 0.747371 0.489549 0.747071 0.490519 0.746969 0.491489 0.747071 0.492422 0.747371 0.493282 0.747860 0.494036 0.748517 0.494654 0.749318 0.495114 0.750231 0.495397 0.751223
0 0.584705 0.880196 0.583180 0.880985 0.581617 0.881580 0.580078 0.881961 0.578621 0.882110 0.577302 0.882024 0.576172 0.881706 0.575275 0.881167 0.574644 0.880428 0.574305 0.879518 0.574269 0.878472 0.574540 0.877330 0.575105 0.876135 0.575944 0.874934 0.577024 0.873773 0.578304 0.872697 0.579734 0.871746 0.581259 0.870958 0.582822 0.870362 0.584361 0.869982 0.585818 0.869832 0.587137 0.869918 0.588267 0.870237 0.589164 0.870776 0.589795 0.871515 0.590134 0.872424 0.590170 0.873471 0.589899 0.874613 0.589334 0.875808 0.588495 0.877008 0.587415 0.878169 0.586135 0.879246
0 0.585017 0.882188 0.584784 0.882977 0.584094 0.883735 0.582974 0.884433 0.581466 0.885046 0.579629 0.885548 0.577533 0.885922 0.575259 0.886152 0.572894 0.886229 0.570529 0.886152 0.568255 0.885922 0.566159 0.885548 0.564322 0.885046 0.562814 0.884433 0.561694 0.883735 0.561004 0.882977 0.560771 0.882188 0.561004 0.881400 0.561694 0.880642 0.562814 0.879943 0.564322 0.879331 0.566159 0.878828 0.568255 0.878455 0.570529 0.878225 0.572894 0.878147 0.575259 0.878225 0.577533 0.878455 0.579629 0.878828 0.581466 0.879331 0.582974 0.879943 0.584094 0.880642 0.584784 0.881400
0 0.591234 0.823438 0.591121 0.824590 0.590784 0.825698 0.590239 0.826719 0.589504 0.827614 0.588609 0.828349 0.587588 0.828895 0.586480 0.829231 0.585328 0.829344 0.584176 0.829231 0.583068 0.828895 0.582047 0.828349 0.581152 0.827614 0.580417 0.826719 0.579871 0.825698 0.579535 0.824590 0.579422 0.823438 0.579535 0.822286 0.579871 0.821178 0.580417 0.820157 0.581152 0.819262 0.582047 0.818527 0.583068 0.817981 0.584176 0.817645 0.585328 0.817532 0.586480 0.817645 0.587588 0.817981 0.588609 0.818527 0.589504 0.819262 0.590239 0.820157 0.590784 0.821178 0.591121 0.822286
0 0.458484 0.388618 0.458829 0.387331 0.459329 0.386127 0.459964 0.385052 0.460710 0.384148 0.461539 0.383450 0.462418 0.382983 0.463314 0.382767 0.464192 0.382809 0.465019 0.383108 0.465762 0.383653 0.466394 0.384422 0.466890 0.385385 0.467230 0.386507 0.467403 0.387744 0.467400 0.389047 0.467223 0.390368 0.466878 0.391655 0.466378 0.392860 0.465743 0.393934 0.464997 0.394838 0.464169 0.395537 0.463289 0.396004 0.462394 0.396220 0.461515 0.396178 0.460689 0.395878 0.459945 0.395334 0.459313 0.394565 0.458818 0.393601 0.458477 0.392480 0.458304 0.391243 0.458307 0.389939
0 0.470003 0.400995 0.469902 0.401844 0.469601 0.402660 0.469113 0.403412 0.468455 0.404072 0.467655 0.404613 0.466741 0.405015 0.465750 0.405263 0.464719 0.405347 0.463688 0.405263 0.462696 0.405015 0.461783 0.404613 0.460982 0.404072 0.460325 0.403412 0.459837 0.402660 0.459536 0.401844 0.459434 0.400995 0.459536 0.400146 0.459837 0.399329 0.460325 0.398577 0.460982 0.397917 0.461783 0.397376 0.462696 0.396974 0.463688 0.396726 0.464719 0.396643 0.465750 0.396726 0.466741 0.396974 0.467655 0.397376 0.468455 0.397917 0.469113 0.398577 0.469601 0.399329 0.469902 0.400146
0 0.722412 0.643457 0.721964 0.647520 0.720638 0.651427 0.718483 0.655027 0.715584 0.658183 0.712051 0.660774 0.708020 0.662698 0.703647 0.663883 0.699099 0.664283 0.694550 0.663883 0.690177 0.662698 0.686146 0.660774 0.682613 0.658183 0.679714 0.655027 0.677560 0.651427 0.676233 0.647520 0.675785 0.643457 0.676233 0.639394 0.677560 0.635487 0.679714 0.631886 0.682613 0.628730 0.686146 0.626140 0.690177 0.624215 0.694550 0.623030 0.699099 0.622630 0.703647 0.623030 0.708020 0.624215 0.712051 0.626140 0.715584 0.628730 0.718483 0.631886 0.720638 0.635487 0.721964 0.639394
0 0.221946 0.738265 0.232204 0.736090 0.244638 0.736090 0.244949 0.740752 0.240286 0.746037 0.234069 0.749456 0.223189 0.751010 0.215729 0.746969 0.214486 0.741063
0 0.166304 0.387628 0.168480 0.395399 0.175629 0.394778 0.178116 0.389493 0.177495 0.385763 0.169723 0.384209
0 0.681380 0.754119 0.688841 0.757227 0.692882 0.755673 0.694747 0.751321 0.693503 0.745415 0.688841 0.741996 0.683556 0.737955 0.678272 0.734535 0.674541 0.732981 0.672366 0.733603
0 0.725521 0.731738 0.729873 0.731427 0.733914 0.732981 0.734846 0.737022 0.730805 0.740131 0.724588 0.740131 0.719615 0.737955 0.720236 0.734535
0 0.565434 0.857320 0.570407 0.853901 0.576624 0.854212 0.578489 0.857942 0.578800 0.861362 0.574448 0.866335 0.570096 0.869754 0.565123 0.871620 0.557973 0.871620 0.552689 0.870376 0.551756 0.865713 0.552689 0.861362 0.553932 0.857942
0 0.441716 0.137395 0.444203 0.148275 0.446379 0.153870 0.451041 0.153870 0.456326 0.152316 0.458191 0.149829 0.459123 0.144855 0.458502 0.139882 0.452285 0.132422 0.450420 0.129624 0.447000 0.127448 0.437053 0.126205
0 0.619832 0.156357 0.624806 0.164128 0.627603 0.168791 0.634442 0.163196 0.639416 0.162574 0.640970 0.155424 0.634131 0.147653 0.630712 0.145166 0.622630 0.144855
0 0.634442 0.176873 0.639416 0.175008 0.642213 0.170656 0.639416 0.166615 0.635064 0.166304 0.631334 0.167858 0.631023 0.171588 0.631023 0.173454
0 0.770594 0.260802 0.769661 0.261735 0.765931 0.268573 0.771837 0.270127 0.777743 0.267330 0.774013 0.272303 0.771526 0.276344 0.777122 0.278520 0.781784 0.278210 0.785204 0.278210 0.790488 0.277588 0.792042 0.272614 0.792042 0.264843 0.790488 0.260802 0.788312 0.257072 0.784271 0.253652 0.778054 0.250544 0.771837 0.250544
0 0.851725 0.433012 0.850171 0.440162 0.850793 0.444824 0.852036 0.449176 0.857942 0.444824 0.859496 0.441716 0.861051 0.440162 0.858253 0.445757 0.854834 0.451041 0.854212 0.455393 0.857010 0.457258 0.863537 0.453217 0.868200 0.448244 0.868511 0.445135 0.870687 0.436121 0.870376 0.433012 0.867268 0.424308 0.861051 0.418402 0.858253 0.419024 0.854834 0.419646 0.852969 0.423687
0 0.694436 0.577868 0.695058 0.584085 0.697855 0.586882 0.704072 0.590612 0.707181 0.587193 0.709046 0.584085 0.707802 0.580976 0.705316 0.578800 0.704072 0.575692 0.704072 0.573205 0.704072 0.570407 0.705316 0.569164 0.706870 0.566988 0.707802 0.564190 0.707802 0.562325 0.705316 0.561393 0.702829 0.561082 0.699720 0.560460 0.695679 0.560460 0.691949 0.562014
0 0.813802 0.577868 0.810693 0.585950 0.813180 0.589058 0.818154 0.589991 0.822505 0.589991 0.826546 0.586882 0.827479 0.582841 0.826236 0.578800 0.820329 0.576624
0 0.839602 0.626049 0.835250 0.629158 0.835250 0.631955 0.834318 0.635064 0.838359 0.637240 0.842711 0.639105 0.846130 0.630712 0.845819 0.627603
0 0.844576 0.619521 0.842400 0.625117 0.842711 0.628847 0.845819 0.630090 0.847062 0.630090 0.850793 0.629779 0.853279 0.624184 0.852969 0.622008 0.847062 0.617656
0 0.845819 0.610196 0.841778 0.614237 0.843954 0.617345 0.847995 0.619832 0.849860 0.621076 0.852036 0.620454 0.853279 0.617656 0.853901 0.614237 0.853901 0.611439 0.852036 0.608642
0 0.919490 0.709357 0.910786 0.714641 0.906435 0.718060 0.902083 0.719304 0.899285 0.723656 0.901461 0.728940 0.907678 0.732670 0.915760 0.738265 0.922599 0.739820 0.928816 0.732048 0.930992 0.730805 0.930992 0.724588 0.930059 0.720547 0.930059 0.716195 0.931302 0.713087 0.937519 0.703761 0.936276 0.702829 0.932235 0.699720
0 0.412496 0.854212 0.412395 0.855546 0.412094 0.856829 0.411606 0.858011 0.410948 0.859048 0.410148 0.859898 0.409234 0.860530 0.408243 0.860919 0.407212 0.861051 0.406181 0.860919 0.405189 0.860530 0.404276 0.859898 0.403475 0.859048 0.402818 0.858011 0.402330 0.856829 0.402029 0.855546 0.401927 0.854212 0.402029 0.852878 0.402330 0.851595 0.402818 0.850413 0.403475 0.849376 0.404276 0.848526 0.405189 0.847894 0.406181 0.847505 0.407212 0.847373 0.408243 0.847505 0.409234 0.847894 0.410148 0.848526 0.410948 0.849376 0.411606 0.850413 0.412094 0.851595 0.412395 0.852878
0 0.370841 0.780138 0.374055 0.776647 0.377312 0.773437 0.380488 0.770631 0.383461 0.768338 0.386115 0.766645 0.388351 0.765618 0.390080 0.765295 0.391238 0.765690 0.391779 0.766787 0.391682 0.768543 0.390952 0.770893 0.389617 0.773744 0.387727 0.776988 0.385356 0.780500 0.382594 0.784145 0.379547 0.787783 0.376334 0.791274 0.373076 0.794484 0.369901 0.797289 0.366928 0.799582 0.364273 0.801275 0.362038 0.802303 0.360308 0.802625 0.359151 0.802231 0.358610 0.801134 0.358706 0.799377 0.359436 0.797028 0.360772 0.794176 0.362661 0.790932 0.365033 0.787420 0.367795 0.783775
0 0.443892 0.457258 0.443677 0.459199 0.443040 0.461065 0.442006 0.462785 0.440614 0.464292 0.438918 0.465529 0.436984 0.466448 0.434884 0.467014 0.432701 0.467205 0.430518 0.467014 0.428419 0.466448 0.426484 0.465529 0.424788 0.464292 0.423397 0.462785 0.422363 0.461065 0.421726 0.459199 0.421511 0.457258 0.421726 0.455318 0.422363 0.453452 0.423397 0.451732 0.424788 0.450225 0.426484 0.448988 0.428419 0.448068 0.430518 0.447502 0.432701 0.447311 0.434884 0.447502 0.436984 0.448068 0.438918 0.448988 0.440614 0.450225 0.442006 0.451732 0.443040 0.453452 0.443677 0.455318
0 0.734846 0.255828 0.731427 0.262045 0.729873 0.268573 0.732670 0.271371 0.737022 0.272614 0.740131 0.265465 0.743861 0.252720 0.739820 0.251787 0.733603 0.254896 0.733914 0.257072
0 0.755673 0.305564 0.751632 0.308051 0.750389 0.310538 0.752254 0.314268 0.756606 0.313646 0.759403 0.313335 0.762512 0.312092 0.763444 0.308051 0.761268 0.305564 0.755362 0.305564
0 0.818154 0.421200 0.823438 0.417159 0.831520 0.409077 0.822505 0.408144 0.813180 0.409388 0.808517 0.409388 0.808828 0.412185 0.809761 0.414983 0.812247 0.416537 0.814734 0.418402 0.820019 0.420267
0 
0 
0 
0 
0 
0 0.493006 0.581598 0.486167 0.589058 0.490519 0.591856 0.495493 0.591856 0.499534 0.589991 0.501399 0.585639 0.501399 0.581598 0.499534 0.577868 0.492073 0.577557
0 0.406901 0.555176 0.414050 0.554865 0.416226 0.552689 0.417470 0.545850 0.417470 0.543674 0.409388 0.543363 0.405968 0.547715 0.401616 0.552689 0.400062 0.554865 0.407833 0.555176
0 0.729873 0.751632 0.728318 0.748213 0.721480 0.749456 0.717439 0.752565 0.721169 0.756606 0.728629 0.756295
0 0.459745 0.234069 0.458502 0.241219 0.462543 0.241840 0.466273 0.240597 0.466273 0.236245 0.461299 0.233136
0 0.378924 0.855145 0.385763 0.853901 0.389804 0.851725 0.392291 0.850171 0.393534 0.842711 0.392602 0.841467 0.387628 0.840846 0.385141 0.842711 0.383276 0.844576 0.378924 0.847684 0.376438 0.848928 0.373329 0.850171 0.371775 0.847062 0.368666 0.847062 0.367112 0.846752 0.363071 0.846752 0.361828 0.847062 0.360895 0.848928 0.360895 0.849860 0.361828 0.851725 0.365558 0.852969 0.370842 0.855145
